#      mass       lower       upper
 1.0220e+00  3.8535e-13  5.0941e-09
 1.0270e+00  3.8535e-13  5.0941e-09
 1.0320e+00  3.8535e-13  5.0941e-09
 1.0371e+00  3.8535e-13  5.0941e-09
 1.0422e+00  3.8535e-13  5.0941e-09
 1.0473e+00  3.8535e-13  5.0941e-09
 1.0524e+00  3.8535e-13  5.0941e-09
 1.0576e+00  3.8535e-13  5.0941e-09
 1.0628e+00  3.8535e-13  5.0941e-09
 1.0680e+00  3.8535e-13  5.0941e-09
 1.0732e+00  3.8535e-13  5.0941e-09
 1.0785e+00  3.8535e-13  5.0941e-09
 1.0837e+00  3.8535e-13  5.0941e-09
 1.0891e+00  3.8535e-13  5.0941e-09
 1.0944e+00  3.8535e-13  5.0941e-09
 1.0998e+00  3.8535e-13  5.0941e-09
 1.1051e+00  3.8535e-13  5.0941e-09
 1.1106e+00  3.8535e-13  5.0941e-09
 1.1160e+00  3.8535e-13  4.2292e-09
 1.1215e+00  3.8535e-13  4.2292e-09
 1.1270e+00  3.8535e-13  4.2292e-09
 1.1325e+00  3.8535e-13  4.2292e-09
 1.1380e+00  3.8535e-13  4.2292e-09
 1.1436e+00  3.1993e-13  4.2292e-09
 1.1492e+00  3.1993e-13  4.2292e-09
 1.1548e+00  3.1993e-13  4.2292e-09
 1.1605e+00  3.1993e-13  4.2292e-09
 1.1662e+00  3.1993e-13  4.2292e-09
 1.1719e+00  3.1993e-13  4.2292e-09
 1.1777e+00  3.1993e-13  4.2292e-09
 1.1834e+00  3.1993e-13  4.2292e-09
 1.1892e+00  3.1993e-13  4.2292e-09
 1.1950e+00  3.1993e-13  4.2292e-09
 1.2009e+00  3.1993e-13  4.2292e-09
 1.2068e+00  3.1993e-13  4.2292e-09
 1.2127e+00  3.1993e-13  4.2292e-09
 1.2187e+00  3.1993e-13  3.5112e-09
 1.2246e+00  3.1993e-13  3.5112e-09
 1.2306e+00  3.1993e-13  3.5112e-09
 1.2367e+00  3.1993e-13  3.5112e-09
 1.2427e+00  3.1993e-13  3.5112e-09
 1.2488e+00  3.1993e-13  3.5112e-09
 1.2549e+00  3.1993e-13  3.5112e-09
 1.2611e+00  3.1993e-13  3.5112e-09
 1.2672e+00  3.1993e-13  3.5112e-09
 1.2735e+00  3.1993e-13  3.5112e-09
 1.2797e+00  3.1993e-13  3.5112e-09
 1.2860e+00  3.1993e-13  3.5112e-09
 1.2923e+00  3.1993e-13  3.5112e-09
 1.2986e+00  3.1993e-13  3.5112e-09
 1.3050e+00  3.1993e-13  3.5112e-09
 1.3114e+00  3.1993e-13  3.5112e-09
 1.3178e+00  3.1993e-13  3.5112e-09
 1.3242e+00  3.1993e-13  2.9151e-09
 1.3307e+00  3.1993e-13  2.9151e-09
 1.3373e+00  3.1993e-13  2.9151e-09
 1.3438e+00  3.1993e-13  2.9151e-09
 1.3504e+00  3.1993e-13  2.9151e-09
 1.3570e+00  3.1993e-13  2.9151e-09
 1.3637e+00  3.1993e-13  2.9151e-09
 1.3703e+00  3.1993e-13  2.9151e-09
 1.3771e+00  3.1993e-13  2.9151e-09
 1.3838e+00  2.6561e-13  2.9151e-09
 1.3906e+00  2.6561e-13  2.9151e-09
 1.3974e+00  2.6561e-13  2.9151e-09
 1.4043e+00  2.6561e-13  2.9151e-09
 1.4111e+00  2.6561e-13  2.9151e-09
 1.4181e+00  2.6561e-13  2.9151e-09
 1.4250e+00  2.6561e-13  2.9151e-09
 1.4320e+00  2.6561e-13  2.9151e-09
 1.4390e+00  2.6561e-13  2.9151e-09
 1.4461e+00  2.6561e-13  2.4201e-09
 1.4531e+00  2.6561e-13  2.4201e-09
 1.4603e+00  2.6561e-13  2.4201e-09
 1.4674e+00  2.6561e-13  2.4201e-09
 1.4746e+00  2.6561e-13  2.4201e-09
 1.4818e+00  2.6561e-13  2.4201e-09
 1.4891e+00  2.6561e-13  2.4201e-09
 1.4964e+00  2.6561e-13  2.4201e-09
 1.5037e+00  2.6561e-13  2.4201e-09
 1.5111e+00  2.6561e-13  2.4201e-09
 1.5185e+00  2.6561e-13  2.4201e-09
 1.5259e+00  2.6561e-13  2.4201e-09
 1.5334e+00  2.6561e-13  2.4201e-09
 1.5409e+00  2.6561e-13  2.4201e-09
 1.5485e+00  2.6561e-13  2.4201e-09
 1.5561e+00  2.6561e-13  2.4201e-09
 1.5637e+00  2.6561e-13  2.4201e-09
 1.5714e+00  2.6561e-13  2.4201e-09
 1.5791e+00  2.6561e-13  2.0092e-09
 1.5868e+00  2.6561e-13  2.0092e-09
 1.5946e+00  2.6561e-13  2.0092e-09
 1.6024e+00  2.6561e-13  2.0092e-09
 1.6102e+00  2.6561e-13  2.0092e-09
 1.6181e+00  2.6561e-13  2.0092e-09
 1.6261e+00  2.6561e-13  2.0092e-09
 1.6340e+00  2.6561e-13  2.0092e-09
 1.6420e+00  2.6561e-13  2.0092e-09
 1.6501e+00  2.6561e-13  2.0092e-09
 1.6582e+00  2.6561e-13  2.0092e-09
 1.6663e+00  2.2051e-13  2.0092e-09
 1.6745e+00  2.2051e-13  2.0092e-09
 1.6827e+00  2.2051e-13  2.0092e-09
 1.6909e+00  2.2051e-13  2.0092e-09
 1.6992e+00  2.2051e-13  2.0092e-09
 1.7075e+00  2.2051e-13  2.0092e-09
 1.7159e+00  2.2051e-13  2.0092e-09
 1.7243e+00  2.2051e-13  1.6681e-09
 1.7328e+00  2.2051e-13  1.6681e-09
 1.7412e+00  2.2051e-13  1.6681e-09
 1.7498e+00  2.2051e-13  1.6681e-09
 1.7584e+00  2.2051e-13  1.6681e-09
 1.7670e+00  2.2051e-13  1.6681e-09
 1.7756e+00  2.2051e-13  1.6681e-09
 1.7843e+00  2.2051e-13  1.6681e-09
 1.7931e+00  2.2051e-13  1.6681e-09
 1.8018e+00  2.2051e-13  1.6681e-09
 1.8107e+00  2.2051e-13  1.6681e-09
 1.8196e+00  2.2051e-13  1.6681e-09
 1.8285e+00  2.2051e-13  1.6681e-09
 1.8374e+00  2.2051e-13  1.6681e-09
 1.8464e+00  2.2051e-13  1.6681e-09
 1.8555e+00  2.2051e-13  1.6681e-09
 1.8646e+00  2.2051e-13  1.6681e-09
 1.8737e+00  2.2051e-13  1.3849e-09
 1.8829e+00  2.2051e-13  1.3849e-09
 1.8921e+00  2.2051e-13  1.3849e-09
 1.9014e+00  2.2051e-13  1.3849e-09
 1.9107e+00  2.2051e-13  1.3849e-09
 1.9201e+00  2.2051e-13  1.3849e-09
 1.9295e+00  2.2051e-13  1.3849e-09
 1.9389e+00  2.2051e-13  1.3849e-09
 1.9484e+00  2.2051e-13  1.3849e-09
 1.9580e+00  2.2051e-13  1.3849e-09
 1.9676e+00  2.2051e-13  1.3849e-09
 1.9772e+00  2.2051e-13  1.3849e-09
 1.9869e+00  2.2051e-13  1.3849e-09
 1.9967e+00  1.8307e-13  1.3849e-09
 2.0064e+00  1.8307e-13  1.3849e-09
 2.0163e+00  1.8307e-13  1.3849e-09
 2.0261e+00  1.8307e-13  1.3849e-09
 2.0361e+00  1.8307e-13  1.3849e-09
 2.0461e+00  1.8307e-13  1.1498e-09
 2.0561e+00  1.8307e-13  1.1498e-09
 2.0662e+00  1.8307e-13  1.1498e-09
 2.0763e+00  1.8307e-13  1.1498e-09
 2.0865e+00  1.8307e-13  1.1498e-09
 2.0967e+00  1.8307e-13  1.1498e-09
 2.1070e+00  1.8307e-13  1.1498e-09
 2.1173e+00  1.8307e-13  1.1498e-09
 2.1277e+00  1.8307e-13  1.1498e-09
 2.1381e+00  1.8307e-13  1.1498e-09
 2.1486e+00  1.8307e-13  1.1498e-09
 2.1591e+00  1.8307e-13  1.1498e-09
 2.1697e+00  1.8307e-13  1.1498e-09
 2.1803e+00  1.8307e-13  1.1498e-09
 2.1910e+00  1.8307e-13  1.1498e-09
 2.2017e+00  1.8307e-13  1.1498e-09
 2.2125e+00  1.8307e-13  1.1498e-09
 2.2234e+00  1.8307e-13  1.1498e-09
 2.2342e+00  1.8307e-13  9.5455e-10
 2.2452e+00  1.8307e-13  9.5455e-10
 2.2562e+00  1.8307e-13  9.5455e-10
 2.2673e+00  1.8307e-13  9.5455e-10
 2.2784e+00  1.8307e-13  9.5455e-10
 2.2895e+00  1.8307e-13  9.5455e-10
 2.3007e+00  1.8307e-13  9.5455e-10
 2.3120e+00  1.8307e-13  9.5455e-10
 2.3234e+00  1.8307e-13  9.5455e-10
 2.3347e+00  1.8307e-13  9.5455e-10
 2.3462e+00  1.8307e-13  9.5455e-10
 2.3577e+00  1.8307e-13  9.5455e-10
 2.3692e+00  1.8307e-13  9.5455e-10
 2.3808e+00  1.8307e-13  9.5455e-10
 2.3925e+00  1.8307e-13  9.5455e-10
 2.4042e+00  1.5199e-13  9.5455e-10
 2.4160e+00  1.8307e-13  9.5455e-10
 2.4279e+00  1.5199e-13  9.5455e-10
 2.4398e+00  1.5199e-13  7.9248e-10
 2.4517e+00  1.5199e-13  7.9248e-10
 2.4637e+00  1.5199e-13  7.9248e-10
 2.4758e+00  1.5199e-13  7.9248e-10
 2.4879e+00  1.5199e-13  7.9248e-10
 2.5001e+00  1.5199e-13  7.9248e-10
 2.5124e+00  1.5199e-13  7.9248e-10
 2.5247e+00  1.5199e-13  7.9248e-10
 2.5371e+00  1.5199e-13  7.9248e-10
 2.5495e+00  1.5199e-13  7.9248e-10
 2.5620e+00  1.5199e-13  7.9248e-10
 2.5745e+00  1.5199e-13  7.9248e-10
 2.5871e+00  1.5199e-13  7.9248e-10
 2.5998e+00  1.5199e-13  7.9248e-10
 2.6126e+00  1.5199e-13  7.9248e-10
 2.6254e+00  1.5199e-13  7.9248e-10
 2.6382e+00  1.5199e-13  7.9248e-10
 2.6512e+00  1.5199e-13  6.5793e-10
 2.6642e+00  1.5199e-13  6.5793e-10
 2.6772e+00  1.5199e-13  6.5793e-10
 2.6903e+00  1.5199e-13  6.5793e-10
 2.7035e+00  1.5199e-13  6.5793e-10
 2.7168e+00  1.5199e-13  6.5793e-10
 2.7301e+00  1.5199e-13  6.5793e-10
 2.7435e+00  1.5199e-13  6.5793e-10
 2.7569e+00  1.5199e-13  6.5793e-10
 2.7704e+00  1.5199e-13  6.5793e-10
 2.7840e+00  1.5199e-13  6.5793e-10
 2.7976e+00  1.5199e-13  6.5793e-10
 2.8113e+00  1.5199e-13  6.5793e-10
 2.8251e+00  1.5199e-13  6.5793e-10
 2.8390e+00  1.5199e-13  6.5793e-10
 2.8529e+00  1.5199e-13  6.5793e-10
 2.8668e+00  1.5199e-13  6.5793e-10
 2.8809e+00  1.5199e-13  6.5793e-10
 2.8950e+00  1.5199e-13  5.4623e-10
 2.9092e+00  1.2619e-13  5.4623e-10
 2.9235e+00  1.2619e-13  5.4623e-10
 2.9378e+00  1.2619e-13  5.4623e-10
 2.9522e+00  1.2619e-13  5.4623e-10
 2.9667e+00  1.2619e-13  5.4623e-10
 2.9812e+00  1.2619e-13  5.4623e-10
 2.9958e+00  1.2619e-13  5.4623e-10
 3.0105e+00  1.2619e-13  5.4623e-10
 3.0252e+00  1.2619e-13  5.4623e-10
 3.0400e+00  1.2619e-13  5.4623e-10
 3.0549e+00  1.2619e-13  5.4623e-10
 3.0699e+00  1.2619e-13  5.4623e-10
 3.0850e+00  1.2619e-13  5.4623e-10
 3.1001e+00  1.2619e-13  5.4623e-10
 3.1153e+00  1.2619e-13  5.4623e-10
 3.1305e+00  1.2619e-13  5.4623e-10
 3.1459e+00  1.2619e-13  5.4623e-10
 3.1613e+00  1.2619e-13  4.5349e-10
 3.1768e+00  1.2619e-13  4.5349e-10
 3.1924e+00  1.2619e-13  4.5349e-10
 3.2080e+00  1.2619e-13  4.5349e-10
 3.2237e+00  1.2619e-13  4.5349e-10
 3.2395e+00  1.2619e-13  4.5349e-10
 3.2554e+00  1.2619e-13  4.5349e-10
 3.2713e+00  1.2619e-13  4.5349e-10
 3.2874e+00  1.2619e-13  4.5349e-10
 3.3035e+00  1.2619e-13  4.5349e-10
 3.3197e+00  1.2619e-13  4.5349e-10
 3.3359e+00  1.2619e-13  4.5349e-10
 3.3523e+00  1.2619e-13  4.5349e-10
 3.3687e+00  1.2619e-13  4.5349e-10
 3.3852e+00  1.2619e-13  4.5349e-10
 3.4018e+00  1.2619e-13  4.5349e-10
 3.4185e+00  1.2619e-13  4.5349e-10
 3.4352e+00  1.2619e-13  4.5349e-10
 3.4521e+00  1.2619e-13  3.7649e-10
 3.4690e+00  1.2619e-13  3.7649e-10
 3.4860e+00  1.2619e-13  3.7649e-10
 3.5031e+00  1.0476e-13  3.7649e-10
 3.5202e+00  1.0476e-13  3.7649e-10
 3.5375e+00  1.0476e-13  3.7649e-10
 3.5548e+00  1.0476e-13  3.7649e-10
 3.5722e+00  1.0476e-13  3.7649e-10
 3.5897e+00  1.0476e-13  3.7649e-10
 3.6073e+00  1.0476e-13  3.7649e-10
 3.6250e+00  1.0476e-13  3.7649e-10
 3.6428e+00  1.0476e-13  3.7649e-10
 3.6606e+00  1.0476e-13  3.7649e-10
 3.6786e+00  1.0476e-13  3.7649e-10
 3.6966e+00  1.0476e-13  3.7649e-10
 3.7147e+00  1.0476e-13  3.7649e-10
 3.7329e+00  1.0476e-13  3.7649e-10
 3.7512e+00  1.0476e-13  3.1257e-10
 3.7696e+00  1.0476e-13  3.1257e-10
 3.7881e+00  1.0476e-13  3.1257e-10
 3.8066e+00  1.0476e-13  3.1257e-10
 3.8253e+00  1.0476e-13  3.1257e-10
 3.8440e+00  1.0476e-13  3.1257e-10
 3.8629e+00  1.0476e-13  3.1257e-10
 3.8818e+00  1.0476e-13  3.1257e-10
 3.9008e+00  1.0476e-13  3.1257e-10
 3.9199e+00  1.0476e-13  3.1257e-10
 3.9391e+00  1.0476e-13  3.1257e-10
 3.9584e+00  1.0476e-13  3.1257e-10
 3.9778e+00  1.0476e-13  3.1257e-10
 3.9973e+00  1.0476e-13  3.1257e-10
 4.0169e+00  1.0476e-13  3.1257e-10
 4.0366e+00  1.0476e-13  3.1257e-10
 4.0564e+00  1.0476e-13  3.1257e-10
 4.0763e+00  1.0476e-13  3.1257e-10
 4.0962e+00  1.0476e-13  2.5950e-10
 4.1163e+00  1.0476e-13  2.5950e-10
 4.1365e+00  1.0476e-13  2.5950e-10
 4.1567e+00  1.0476e-13  2.5950e-10
 4.1771e+00  1.0476e-13  2.5950e-10
 4.1976e+00  1.0476e-13  2.5950e-10
 4.2182e+00  1.0476e-13  2.5950e-10
 4.2388e+00  1.0476e-13  2.5950e-10
 4.2596e+00  8.6975e-14  2.5950e-10
 4.2805e+00  8.6975e-14  2.5950e-10
 4.3014e+00  8.6975e-14  2.5950e-10
 4.3225e+00  8.6975e-14  2.5950e-10
 4.3437e+00  8.6975e-14  2.5950e-10
 4.3650e+00  8.6975e-14  2.5950e-10
 4.3864e+00  8.6975e-14  2.5950e-10
 4.4079e+00  8.6975e-14  2.5950e-10
 4.4295e+00  8.6975e-14  2.5950e-10
 4.4512e+00  8.6975e-14  2.1544e-10
 4.4730e+00  8.6975e-14  2.1544e-10
 4.4949e+00  8.6975e-14  2.1544e-10
 4.5169e+00  8.6975e-14  2.1544e-10
 4.5391e+00  8.6975e-14  2.1544e-10
 4.5613e+00  8.6975e-14  2.1544e-10
 4.5837e+00  8.6975e-14  2.1544e-10
 4.6061e+00  8.6975e-14  2.1544e-10
 4.6287e+00  8.6975e-14  2.1544e-10
 4.6514e+00  8.6975e-14  2.1544e-10
 4.6742e+00  8.6975e-14  2.1544e-10
 4.6971e+00  8.6975e-14  2.1544e-10
 4.7201e+00  8.6975e-14  2.1544e-10
 4.7432e+00  8.6975e-14  2.1544e-10
 4.7665e+00  8.6975e-14  2.1544e-10
 4.7898e+00  8.6975e-14  2.1544e-10
 4.8133e+00  8.6975e-14  2.1544e-10
 4.8369e+00  8.6975e-14  2.1544e-10
 4.8606e+00  8.6975e-14  1.7886e-10
 4.8844e+00  8.6975e-14  1.7886e-10
 4.9084e+00  8.6975e-14  1.7886e-10
 4.9324e+00  8.6975e-14  1.7886e-10
 4.9566e+00  8.6975e-14  1.7886e-10
 4.9809e+00  8.6975e-14  1.7886e-10
 5.0053e+00  8.6975e-14  1.7886e-10
 5.0298e+00  8.6975e-14  1.7886e-10
 5.0545e+00  8.6975e-14  1.7886e-10
 5.0792e+00  8.6975e-14  1.7886e-10
 5.1041e+00  8.6975e-14  1.7886e-10
 5.1291e+00  7.2208e-14  1.7886e-10
 5.1543e+00  7.2208e-14  1.7886e-10
 5.1795e+00  7.2208e-14  1.7886e-10
 5.2049e+00  7.2208e-14  1.7886e-10
 5.2304e+00  7.2208e-14  1.7886e-10
 5.2560e+00  7.2208e-14  1.7886e-10
 5.2818e+00  7.2208e-14  1.7886e-10
 5.3077e+00  7.2208e-14  1.4850e-10
 5.3337e+00  7.2208e-14  1.4850e-10
 5.3598e+00  7.2208e-14  1.4850e-10
 5.3861e+00  7.2208e-14  1.4850e-10
 5.4125e+00  7.2208e-14  1.4850e-10
 5.4390e+00  7.2208e-14  1.4850e-10
 5.4657e+00  7.2208e-14  1.4850e-10
 5.4924e+00  7.2208e-14  1.4850e-10
 5.5194e+00  7.2208e-14  1.4850e-10
 5.5464e+00  7.2208e-14  1.4850e-10
 5.5736e+00  7.2208e-14  1.4850e-10
 5.6009e+00  7.2208e-14  1.4850e-10
 5.6283e+00  7.2208e-14  1.4850e-10
 5.6559e+00  7.2208e-14  1.4850e-10
 5.6836e+00  7.2208e-14  1.4850e-10
 5.7115e+00  7.2208e-14  1.4850e-10
 5.7395e+00  7.2208e-14  1.4850e-10
 5.7676e+00  7.2208e-14  1.2328e-10
 5.7959e+00  7.2208e-14  1.2328e-10
 5.8243e+00  7.2208e-14  1.2328e-10
 5.8528e+00  7.2208e-14  1.2328e-10
 5.8815e+00  7.2208e-14  1.2328e-10
 5.9103e+00  7.2208e-14  1.2328e-10
 5.9393e+00  7.2208e-14  1.2328e-10
 5.9684e+00  7.2208e-14  1.2328e-10
 5.9976e+00  7.2208e-14  1.2328e-10
 6.0270e+00  7.2208e-14  1.2328e-10
 6.0565e+00  7.2208e-14  1.2328e-10
 6.0862e+00  7.2208e-14  1.2328e-10
 6.1161e+00  7.2208e-14  1.2328e-10
 6.1460e+00  7.2208e-14  1.2328e-10
 6.1761e+00  5.9948e-14  1.2328e-10
 6.2064e+00  5.9948e-14  1.2328e-10
 6.2368e+00  5.9948e-14  1.2328e-10
 6.2674e+00  5.9948e-14  1.2328e-10
 6.2981e+00  5.9948e-14  1.0235e-10
 6.3290e+00  5.9948e-14  1.0235e-10
 6.3600e+00  5.9948e-14  1.0235e-10
 6.3911e+00  5.9948e-14  1.0235e-10
 6.4225e+00  5.9948e-14  1.0235e-10
 6.4539e+00  5.9948e-14  1.0235e-10
 6.4855e+00  5.9948e-14  1.0235e-10
 6.5173e+00  5.9948e-14  1.0235e-10
 6.5493e+00  5.9948e-14  1.0235e-10
 6.5814e+00  5.9948e-14  1.0235e-10
 6.6136e+00  5.9948e-14  1.0235e-10
 6.6460e+00  5.9948e-14  1.0235e-10
 6.6786e+00  5.9948e-14  1.0235e-10
 6.7113e+00  5.9948e-14  1.0235e-10
 6.7442e+00  5.9948e-14  1.0235e-10
 6.7773e+00  5.9948e-14  1.0235e-10
 6.8105e+00  5.9948e-14  1.0235e-10
 6.8438e+00  5.9948e-14  8.4975e-11
 6.8774e+00  5.9948e-14  8.4975e-11
 6.9111e+00  5.9948e-14  8.4975e-11
 6.9450e+00  5.9948e-14  8.4975e-11
 6.9790e+00  5.9948e-14  8.4975e-11
 7.0132e+00  5.9948e-14  8.4975e-11
 7.0476e+00  5.9948e-14  8.4975e-11
 7.0821e+00  5.9948e-14  8.4975e-11
 7.1168e+00  5.9948e-14  8.4975e-11
 7.1517e+00  5.9948e-14  8.4975e-11
 7.1867e+00  5.9948e-14  8.4975e-11
 7.2219e+00  5.9948e-14  8.4975e-11
 7.2573e+00  5.9948e-14  8.4975e-11
 7.2929e+00  5.9948e-14  8.4975e-11
 7.3286e+00  5.9948e-14  8.4975e-11
 7.3645e+00  5.9948e-14  8.4975e-11
 7.4006e+00  5.9948e-14  8.4975e-11
 7.4369e+00  4.9770e-14  7.0548e-11
 7.4733e+00  4.9770e-14  7.0548e-11
 7.5099e+00  4.9770e-14  7.0548e-11
 7.5468e+00  4.9770e-14  7.0548e-11
 7.5837e+00  4.9770e-14  7.0548e-11
 7.6209e+00  4.9770e-14  7.0548e-11
 7.6582e+00  4.9770e-14  7.0548e-11
 7.6958e+00  4.9770e-14  7.0548e-11
 7.7335e+00  4.9770e-14  7.0548e-11
 7.7714e+00  4.9770e-14  7.0548e-11
 7.8095e+00  4.9770e-14  7.0548e-11
 7.8477e+00  4.9770e-14  7.0548e-11
 7.8862e+00  4.9770e-14  7.0548e-11
 7.9248e+00  4.9770e-14  7.0548e-11
 7.9637e+00  4.9770e-14  7.0548e-11
 8.0027e+00  4.9770e-14  7.0548e-11
 8.0419e+00  4.9770e-14  7.0548e-11
 8.0813e+00  4.9770e-14  7.0548e-11
 8.1209e+00  4.9770e-14  5.8570e-11
 8.1607e+00  4.9770e-14  5.8570e-11
 8.2007e+00  4.9770e-14  5.8570e-11
 8.2409e+00  4.9770e-14  5.8570e-11
 8.2813e+00  4.9770e-14  5.8570e-11
 8.3219e+00  4.9770e-14  5.8570e-11
 8.3626e+00  4.9770e-14  5.8570e-11
 8.4036e+00  4.9770e-14  5.8570e-11
 8.4448e+00  4.9770e-14  5.8570e-11
 8.4862e+00  4.9770e-14  5.8570e-11
 8.5278e+00  4.9770e-14  5.8570e-11
 8.5696e+00  4.9770e-14  5.8570e-11
 8.6115e+00  4.9770e-14  5.8570e-11
 8.6538e+00  4.9770e-14  5.8570e-11
 8.6962e+00  4.9770e-14  5.8570e-11
 8.7388e+00  4.9770e-14  5.8570e-11
 8.7816e+00  4.9770e-14  5.8570e-11
 8.8246e+00  4.9770e-14  4.8626e-11
 8.8679e+00  4.9770e-14  4.8626e-11
 8.9113e+00  4.9770e-14  4.8626e-11
 8.9550e+00  4.9770e-14  4.8626e-11
 8.9989e+00  4.1320e-14  4.8626e-11
 9.0430e+00  4.1320e-14  4.8626e-11
 9.0873e+00  4.1320e-14  4.8626e-11
 9.1318e+00  4.1320e-14  4.8626e-11
 9.1766e+00  4.1320e-14  4.8626e-11
 9.2215e+00  4.1320e-14  4.8626e-11
 9.2667e+00  4.1320e-14  4.8626e-11
 9.3121e+00  4.1320e-14  4.8626e-11
 9.3578e+00  4.1320e-14  4.8626e-11
 9.4036e+00  4.1320e-14  4.8626e-11
 9.4497e+00  4.1320e-14  4.8626e-11
 9.4960e+00  4.1320e-14  4.8626e-11
 9.5426e+00  4.1320e-14  4.8626e-11
 9.5893e+00  4.1320e-14  4.8626e-11
 9.6363e+00  4.1320e-14  4.0370e-11
 9.6835e+00  4.1320e-14  4.0370e-11
 9.7310e+00  4.1320e-14  4.0370e-11
 9.7787e+00  4.1320e-14  4.0370e-11
 9.8266e+00  4.1320e-14  4.0370e-11
 9.8747e+00  4.1320e-14  4.0370e-11
 9.9231e+00  4.1320e-14  4.0370e-11
 9.9718e+00  4.1320e-14  4.0370e-11
 1.0021e+01  4.1320e-14  4.0370e-11
 1.0070e+01  4.1320e-14  4.0370e-11
 1.0119e+01  4.1320e-14  4.0370e-11
 1.0169e+01  4.1320e-14  4.0370e-11
 1.0219e+01  4.1320e-14  4.0370e-11
 1.0269e+01  4.1320e-14  4.0370e-11
 1.0319e+01  4.1320e-14  4.0370e-11
 1.0369e+01  4.1320e-14  4.0370e-11
 1.0420e+01  4.1320e-14  4.0370e-11
 1.0471e+01  4.1320e-14  3.3516e-11
 1.0523e+01  4.1320e-14  3.3516e-11
 1.0574e+01  4.1320e-14  3.3516e-11
 1.0626e+01  4.1320e-14  3.3516e-11
 1.0678e+01  4.1320e-14  3.3516e-11
 1.0730e+01  4.1320e-14  3.3516e-11
 1.0783e+01  4.1320e-14  3.3516e-11
 1.0836e+01  3.4305e-14  3.3516e-11
 1.0889e+01  3.4305e-14  3.3516e-11
 1.0942e+01  3.4305e-14  3.3516e-11
 1.0996e+01  3.4305e-14  3.3516e-11
 1.1050e+01  3.4305e-14  3.3516e-11
 1.1104e+01  3.4305e-14  3.3516e-11
 1.1158e+01  3.4305e-14  3.3516e-11
 1.1213e+01  3.4305e-14  3.3516e-11
 1.1268e+01  3.4305e-14  3.3516e-11
 1.1323e+01  3.4305e-14  3.3516e-11
 1.1379e+01  3.4305e-14  2.7826e-11
 1.1434e+01  3.4305e-14  2.7826e-11
 1.1491e+01  3.4305e-14  2.7826e-11
 1.1547e+01  3.4305e-14  2.7826e-11
 1.1603e+01  3.4305e-14  2.7826e-11
 1.1660e+01  3.4305e-14  2.7826e-11
 1.1717e+01  3.4305e-14  2.7826e-11
 1.1775e+01  3.4305e-14  2.7826e-11
 1.1832e+01  3.4305e-14  2.7826e-11
 1.1890e+01  3.4305e-14  2.7826e-11
 1.1949e+01  3.4305e-14  2.7826e-11
 1.2007e+01  3.4305e-14  2.7826e-11
 1.2066e+01  3.4305e-14  2.7826e-11
 1.2125e+01  3.4305e-14  2.7826e-11
 1.2185e+01  3.4305e-14  2.7826e-11
 1.2244e+01  3.4305e-14  2.7826e-11
 1.2304e+01  3.4305e-14  2.7826e-11
 1.2365e+01  3.4305e-14  2.3101e-11
 1.2425e+01  3.4305e-14  2.3101e-11
 1.2486e+01  3.4305e-14  2.3101e-11
 1.2547e+01  3.4305e-14  2.3101e-11
 1.2609e+01  3.4305e-14  2.3101e-11
 1.2671e+01  3.4305e-14  2.3101e-11
 1.2733e+01  3.4305e-14  2.3101e-11
 1.2795e+01  3.4305e-14  2.3101e-11
 1.2858e+01  3.4305e-14  2.3101e-11
 1.2921e+01  3.4305e-14  2.3101e-11
 1.2984e+01  3.4305e-14  2.3101e-11
 1.3048e+01  3.4305e-14  2.3101e-11
 1.3112e+01  2.8480e-14  2.3101e-11
 1.3176e+01  2.8480e-14  2.3101e-11
 1.3241e+01  2.8480e-14  2.3101e-11
 1.3305e+01  2.8480e-14  2.3101e-11
 1.3371e+01  2.8480e-14  2.3101e-11
 1.3436e+01  2.8480e-14  2.3101e-11
 1.3502e+01  2.8480e-14  1.9179e-11
 1.3568e+01  2.8480e-14  1.9179e-11
 1.3635e+01  2.8480e-14  1.9179e-11
 1.3701e+01  2.8480e-14  1.9179e-11
 1.3769e+01  2.8480e-14  1.9179e-11
 1.3836e+01  2.8480e-14  1.9179e-11
 1.3904e+01  2.8480e-14  1.9179e-11
 1.3972e+01  2.8480e-14  1.9179e-11
 1.4040e+01  2.8480e-14  1.9179e-11
 1.4109e+01  2.8480e-14  1.9179e-11
 1.4178e+01  2.8480e-14  1.9179e-11
 1.4248e+01  2.8480e-14  1.9179e-11
 1.4318e+01  2.8480e-14  1.9179e-11
 1.4388e+01  2.8480e-14  1.9179e-11
 1.4458e+01  2.8480e-14  1.9179e-11
 1.4529e+01  2.8480e-14  1.9179e-11
 1.4600e+01  2.8480e-14  1.9179e-11
 1.4672e+01  2.8480e-14  1.5923e-11
 1.4744e+01  2.8480e-14  1.5923e-11
 1.4816e+01  2.8480e-14  1.5923e-11
 1.4889e+01  2.8480e-14  1.5923e-11
 1.4962e+01  2.8480e-14  1.5923e-11
 1.5035e+01  2.8480e-14  1.5923e-11
 1.5109e+01  2.8480e-14  1.5923e-11
 1.5183e+01  2.8480e-14  1.5923e-11
 1.5257e+01  2.8480e-14  1.5923e-11
 1.5332e+01  2.8480e-14  1.5923e-11
 1.5407e+01  2.8480e-14  1.5923e-11
 1.5482e+01  2.8480e-14  1.5923e-11
 1.5558e+01  2.8480e-14  1.5923e-11
 1.5635e+01  2.8480e-14  1.5923e-11
 1.5711e+01  2.8480e-14  1.5923e-11
 1.5788e+01  2.8480e-14  1.5923e-11
 1.5866e+01  2.8480e-14  1.5923e-11
 1.5943e+01  2.3645e-14  1.3219e-11
 1.6021e+01  2.3645e-14  1.3219e-11
 1.6100e+01  2.3645e-14  1.3219e-11
 1.6179e+01  2.3645e-14  1.3219e-11
 1.6258e+01  2.3645e-14  1.3219e-11
 1.6338e+01  2.3645e-14  1.3219e-11
 1.6418e+01  2.3645e-14  1.3219e-11
 1.6498e+01  2.3645e-14  1.3219e-11
 1.6579e+01  2.3645e-14  1.3219e-11
 1.6660e+01  2.3645e-14  1.3219e-11
 1.6742e+01  2.3645e-14  1.3219e-11
 1.6824e+01  2.3645e-14  1.3219e-11
 1.6907e+01  2.3645e-14  1.3219e-11
 1.6989e+01  2.3645e-14  1.3219e-11
 1.7073e+01  2.3645e-14  1.3219e-11
 1.7156e+01  2.3645e-14  1.3219e-11
 1.7240e+01  2.3645e-14  1.3219e-11
 1.7325e+01  2.3645e-14  1.0975e-11
 1.7410e+01  2.3645e-14  1.0975e-11
 1.7495e+01  2.3645e-14  1.0975e-11
 1.7581e+01  2.3645e-14  1.0975e-11
 1.7667e+01  2.3645e-14  1.0975e-11
 1.7754e+01  2.3645e-14  1.0975e-11
 1.7841e+01  2.3645e-14  1.0975e-11
 1.7928e+01  2.3645e-14  1.0975e-11
 1.8016e+01  2.3645e-14  1.0975e-11
 1.8104e+01  2.3645e-14  1.0975e-11
 1.8193e+01  2.3645e-14  1.0975e-11
 1.8282e+01  2.3645e-14  1.0975e-11
 1.8372e+01  2.3645e-14  1.0975e-11
 1.8462e+01  2.3645e-14  1.0975e-11
 1.8552e+01  2.3645e-14  1.0975e-11
 1.8643e+01  2.3645e-14  1.0975e-11
 1.8734e+01  2.3645e-14  1.0975e-11
 1.8826e+01  2.3645e-14  9.1116e-12
 1.8918e+01  2.3645e-14  9.1116e-12
 1.9011e+01  2.3645e-14  9.1116e-12
 1.9104e+01  2.3645e-14  9.1116e-12
 1.9198e+01  2.3645e-14  9.1116e-12
 1.9292e+01  1.9630e-14  9.1116e-12
 1.9387e+01  1.9630e-14  9.1116e-12
 1.9482e+01  1.9630e-14  9.1116e-12
 1.9577e+01  1.9630e-14  9.1116e-12
 1.9673e+01  1.9630e-14  9.1116e-12
 1.9769e+01  1.9630e-14  9.1116e-12
 1.9866e+01  1.9630e-14  9.1116e-12
 1.9964e+01  1.9630e-14  9.1116e-12
 2.0061e+01  1.9630e-14  9.1116e-12
 2.0160e+01  1.9630e-14  9.1116e-12
 2.0259e+01  1.9630e-14  9.1116e-12
 2.0358e+01  1.9630e-14  9.1116e-12
 2.0457e+01  1.9630e-14  9.1116e-12
 2.0558e+01  1.9630e-14  7.5646e-12
 2.0659e+01  1.9630e-14  7.5646e-12
 2.0760e+01  1.9630e-14  7.5646e-12
 2.0861e+01  1.9630e-14  7.5646e-12
 2.0964e+01  1.9630e-14  7.5646e-12
 2.1067e+01  1.9630e-14  7.5646e-12
 2.1170e+01  1.9630e-14  7.5646e-12
 2.1273e+01  1.9630e-14  7.5646e-12
 2.1378e+01  1.9630e-14  7.5646e-12
 2.1482e+01  1.9630e-14  7.5646e-12
 2.1588e+01  1.9630e-14  7.5646e-12
 2.1694e+01  1.9630e-14  7.5646e-12
 2.1800e+01  1.9630e-14  7.5646e-12
 2.1907e+01  1.9630e-14  7.5646e-12
 2.2014e+01  1.9630e-14  7.5646e-12
 2.2122e+01  1.9630e-14  7.5646e-12
 2.2230e+01  1.9630e-14  6.2803e-12
 2.2339e+01  1.9630e-14  6.2803e-12
 2.2449e+01  1.9630e-14  6.2803e-12
 2.2559e+01  1.9630e-14  6.2803e-12
 2.2669e+01  1.9630e-14  6.2803e-12
 2.2780e+01  1.9630e-14  6.2803e-12
 2.2892e+01  1.9630e-14  6.2803e-12
 2.3004e+01  1.9630e-14  6.2803e-12
 2.3117e+01  1.9630e-14  6.2803e-12
 2.3230e+01  1.9630e-14  6.2803e-12
 2.3344e+01  1.9630e-14  6.2803e-12
 2.3458e+01  1.9630e-14  6.2803e-12
 2.3573e+01  1.6298e-14  6.2803e-12
 2.3689e+01  1.6298e-14  6.2803e-12
 2.3805e+01  1.6298e-14  6.2803e-12
 2.3922e+01  1.6298e-14  6.2803e-12
 2.4039e+01  1.6298e-14  6.2803e-12
 2.4157e+01  1.6298e-14  5.2140e-12
 2.4275e+01  1.6298e-14  5.2140e-12
 2.4394e+01  1.6298e-14  5.2140e-12
 2.4514e+01  1.6298e-14  5.2140e-12
 2.4634e+01  1.6298e-14  5.2140e-12
 2.4754e+01  1.6298e-14  5.2140e-12
 2.4876e+01  1.6298e-14  5.2140e-12
 2.4997e+01  1.6298e-14  5.2140e-12
 2.5120e+01  1.6298e-14  5.2140e-12
 2.5243e+01  1.6298e-14  5.2140e-12
 2.5367e+01  1.6298e-14  5.2140e-12
 2.5491e+01  1.6298e-14  5.2140e-12
 2.5616e+01  1.6298e-14  5.2140e-12
 2.5742e+01  1.6298e-14  5.2140e-12
 2.5868e+01  1.6298e-14  5.2140e-12
 2.5994e+01  1.6298e-14  5.2140e-12
 2.6122e+01  1.6298e-14  5.2140e-12
 2.6250e+01  1.6298e-14  4.3288e-12
 2.6378e+01  1.6298e-14  4.3288e-12
 2.6508e+01  1.6298e-14  4.3288e-12
 2.6638e+01  1.6298e-14  4.3288e-12
 2.6768e+01  1.6298e-14  4.3288e-12
 2.6899e+01  1.6298e-14  4.3288e-12
 2.7031e+01  1.6298e-14  4.3288e-12
 2.7164e+01  1.6298e-14  4.3288e-12
 2.7297e+01  1.6298e-14  4.3288e-12
 2.7430e+01  1.6298e-14  4.3288e-12
 2.7565e+01  1.6298e-14  4.3288e-12
 2.7700e+01  1.6298e-14  4.3288e-12
 2.7836e+01  1.6298e-14  4.3288e-12
 2.7972e+01  1.6298e-14  4.3288e-12
 2.8109e+01  1.6298e-14  4.3288e-12
 2.8247e+01  1.6298e-14  4.3288e-12
 2.8385e+01  1.6298e-14  4.3288e-12
 2.8524e+01  1.6298e-14  3.5938e-12
 2.8664e+01  1.6298e-14  3.5938e-12
 2.8805e+01  1.6298e-14  3.5938e-12
 2.8946e+01  1.3530e-14  3.5938e-12
 2.9088e+01  1.3530e-14  3.5938e-12
 2.9230e+01  1.3530e-14  3.5938e-12
 2.9373e+01  1.3530e-14  3.5938e-12
 2.9517e+01  1.3530e-14  3.5938e-12
 2.9662e+01  1.3530e-14  3.5938e-12
 2.9808e+01  1.3530e-14  3.5938e-12
 2.9953e+01  1.3530e-14  3.5938e-12
 3.0100e+01  1.3530e-14  3.5938e-12
 3.0248e+01  1.3530e-14  3.5938e-12
 3.0396e+01  1.3530e-14  3.5938e-12
 3.0545e+01  1.3530e-14  3.5938e-12
 3.0695e+01  1.3530e-14  3.5938e-12
 3.0845e+01  1.3530e-14  2.9836e-12
 3.0996e+01  1.3530e-14  2.9836e-12
 3.1148e+01  1.3530e-14  2.9836e-12
 3.1301e+01  1.3530e-14  2.9836e-12
 3.1454e+01  1.3530e-14  2.9836e-12
 3.1608e+01  1.3530e-14  2.9836e-12
 3.1763e+01  1.3530e-14  2.9836e-12
 3.1919e+01  1.3530e-14  2.9836e-12
 3.2075e+01  1.3530e-14  2.9836e-12
 3.2232e+01  1.3530e-14  2.9836e-12
 3.2390e+01  1.3530e-14  2.9836e-12
 3.2549e+01  1.3530e-14  2.9836e-12
 3.2709e+01  1.3530e-14  2.9836e-12
 3.2869e+01  1.3530e-14  2.9836e-12
 3.3030e+01  1.3530e-14  2.9836e-12
 3.3192e+01  1.3530e-14  2.9836e-12
 3.3355e+01  1.3530e-14  2.4771e-12
 3.3518e+01  1.3530e-14  2.4771e-12
 3.3682e+01  1.3530e-14  2.4771e-12
 3.3847e+01  1.3530e-14  2.4771e-12
 3.4013e+01  1.3530e-14  2.4771e-12
 3.4180e+01  1.3530e-14  2.4771e-12
 3.4347e+01  1.3530e-14  2.4771e-12
 3.4516e+01  1.3530e-14  2.4771e-12
 3.4685e+01  1.3530e-14  2.4771e-12
 3.4855e+01  1.3530e-14  2.4771e-12
 3.5026e+01  1.3530e-14  2.4771e-12
 3.5197e+01  1.3530e-14  2.4771e-12
 3.5370e+01  1.3530e-14  2.4771e-12
 3.5543e+01  1.3530e-14  2.4771e-12
 3.5717e+01  1.3530e-14  2.4771e-12
 3.5892e+01  1.3530e-14  2.4771e-12
 3.6068e+01  1.3530e-14  2.0565e-12
 3.6245e+01  1.3530e-14  2.0565e-12
 3.6422e+01  1.1233e-14  2.0565e-12
 3.6601e+01  1.1233e-14  2.0565e-12
 3.6780e+01  1.1233e-14  2.0565e-12
 3.6960e+01  1.1233e-14  2.0565e-12
 3.7142e+01  1.1233e-14  2.0565e-12
 3.7324e+01  1.1233e-14  2.0565e-12
 3.7507e+01  1.1233e-14  2.0565e-12
 3.7690e+01  1.1233e-14  2.0565e-12
 3.7875e+01  1.1233e-14  2.0565e-12
 3.8061e+01  1.1233e-14  2.0565e-12
 3.8247e+01  1.1233e-14  2.0565e-12
 3.8434e+01  1.1233e-14  2.0565e-12
 3.8623e+01  1.1233e-14  2.0565e-12
 3.8812e+01  1.1233e-14  2.0565e-12
 3.9002e+01  1.1233e-14  1.7074e-12
 3.9193e+01  1.1233e-14  1.7074e-12
 3.9386e+01  1.1233e-14  1.7074e-12
 3.9578e+01  1.1233e-14  1.7074e-12
 3.9772e+01  1.1233e-14  1.7074e-12
 3.9967e+01  1.1233e-14  1.7074e-12
 4.0163e+01  1.1233e-14  1.7074e-12
 4.0360e+01  1.1233e-14  1.7074e-12
 4.0558e+01  1.1233e-14  1.7074e-12
 4.0757e+01  1.1233e-14  1.7074e-12
 4.0956e+01  1.1233e-14  1.7074e-12
 4.1157e+01  1.1233e-14  1.7074e-12
 4.1359e+01  1.1233e-14  1.7074e-12
 4.1561e+01  1.1233e-14  1.7074e-12
 4.1765e+01  1.1233e-14  1.7074e-12
 4.1970e+01  1.1233e-14  1.4175e-12
 4.2175e+01  1.1233e-14  1.4175e-12
 4.2382e+01  1.1233e-14  1.4175e-12
 4.2590e+01  1.1233e-14  1.4175e-12
 4.2798e+01  1.1233e-14  1.4175e-12
 4.3008e+01  1.1233e-14  1.4175e-12
 4.3219e+01  1.1233e-14  1.4175e-12
 4.3431e+01  1.1233e-14  1.4175e-12
 4.3644e+01  1.1233e-14  1.4175e-12
 4.3857e+01  1.1233e-14  1.4175e-12
 4.4072e+01  1.1233e-14  1.4175e-12
 4.4288e+01  1.1233e-14  1.4175e-12
 4.4505e+01  1.1233e-14  1.4175e-12
 4.4723e+01  1.1233e-14  1.4175e-12
 4.4943e+01  1.1233e-14  1.4175e-12
 4.5163e+01  1.1233e-14  1.4175e-12
 4.5384e+01  1.1233e-14  1.4175e-12
 4.5606e+01  1.1233e-14  1.1768e-12
 4.5830e+01  1.1233e-14  1.1768e-12
 4.6054e+01  1.1233e-14  1.1768e-12
 4.6280e+01  1.1233e-14  1.1768e-12
 4.6507e+01  1.1233e-14  1.1768e-12
 4.6735e+01  9.3260e-15  1.1768e-12
 4.6964e+01  9.3260e-15  1.1768e-12
 4.7194e+01  9.3260e-15  1.1768e-12
 4.7425e+01  9.3260e-15  1.1768e-12
 4.7658e+01  9.3260e-15  1.1768e-12
 4.7891e+01  9.3260e-15  1.1768e-12
 4.8126e+01  9.3260e-15  1.1768e-12
 4.8362e+01  9.3260e-15  1.1768e-12
 4.8599e+01  9.3260e-15  1.1768e-12
 4.8837e+01  9.3260e-15  1.1768e-12
 4.9076e+01  9.3260e-15  9.7701e-13
 4.9317e+01  9.3260e-15  9.7701e-13
 4.9558e+01  9.3260e-15  9.7701e-13
 4.9801e+01  9.3260e-15  9.7701e-13
 5.0045e+01  9.3260e-15  9.7701e-13
 5.0291e+01  9.3260e-15  9.7701e-13
 5.0537e+01  9.3260e-15  9.7701e-13
 5.0785e+01  9.3260e-15  9.7701e-13
 5.1033e+01  9.3260e-15  9.7701e-13
 5.1284e+01  9.3260e-15  9.7701e-13
 5.1535e+01  9.3260e-15  9.7701e-13
 5.1788e+01  9.3260e-15  9.7701e-13
 5.2041e+01  9.3260e-15  9.7701e-13
 5.2296e+01  9.3260e-15  9.7701e-13
 5.2553e+01  9.3260e-15  9.7701e-13
 5.2810e+01  9.3260e-15  8.1113e-13
 5.3069e+01  9.3260e-15  8.1113e-13
 5.3329e+01  9.3260e-15  8.1113e-13
 5.3590e+01  9.3260e-15  8.1113e-13
 5.3853e+01  9.3260e-15  8.1113e-13
 5.4117e+01  9.3260e-15  8.1113e-13
 5.4382e+01  9.3260e-15  8.1113e-13
 5.4648e+01  9.3260e-15  8.1113e-13
 5.4916e+01  9.3260e-15  8.1113e-13
 5.5185e+01  9.3260e-15  8.1113e-13
 5.5456e+01  9.3260e-15  8.1113e-13
 5.5727e+01  9.3260e-15  8.1113e-13
 5.6001e+01  9.3260e-15  8.1113e-13
 5.6275e+01  9.3260e-15  8.1113e-13
 5.6551e+01  9.3260e-15  6.7342e-13
 5.6828e+01  9.3260e-15  6.7342e-13
 5.7106e+01  9.3260e-15  6.7342e-13
 5.7386e+01  9.3260e-15  6.7342e-13
 5.7667e+01  9.3260e-15  6.7342e-13
 5.7950e+01  9.3260e-15  6.7342e-13
 5.8234e+01  9.3260e-15  6.7342e-13
 5.8519e+01  9.3260e-15  6.7342e-13
 5.8806e+01  9.3260e-15  6.7342e-13
 5.9094e+01  9.3260e-15  6.7342e-13
 5.9384e+01  9.3260e-15  6.7342e-13
 5.9675e+01  9.3260e-15  6.7342e-13
 5.9967e+01  9.3260e-15  6.7342e-13
 6.0261e+01  9.3260e-15  6.7342e-13
 6.0556e+01  9.3260e-15  5.5908e-13
 6.0853e+01  9.3260e-15  5.5908e-13
 6.1151e+01  9.3260e-15  5.5908e-13
 6.1451e+01  9.3260e-15  5.5908e-13
 6.1752e+01  9.3260e-15  5.5908e-13
 6.2055e+01  9.3260e-15  5.5908e-13
 6.2359e+01  9.3260e-15  5.5908e-13
 6.2664e+01  9.3260e-15  5.5908e-13
 6.2972e+01  9.3260e-15  5.5908e-13
 6.3280e+01  9.3260e-15  5.5908e-13
 6.3590e+01  9.3260e-15  5.5908e-13
 6.3902e+01  9.3260e-15  5.5908e-13
 6.4215e+01  9.3260e-15  5.5908e-13
 6.4530e+01  9.3260e-15  4.6416e-13
 6.4846e+01  9.3260e-15  4.6416e-13
 6.5164e+01  9.3260e-15  4.6416e-13
 6.5483e+01  9.3260e-15  4.6416e-13
 6.5804e+01  9.3260e-15  4.6416e-13
 6.6126e+01  9.3260e-15  4.6416e-13
 6.6450e+01  9.3260e-15  4.6416e-13
 6.6776e+01  9.3260e-15  4.6416e-13
 6.7103e+01  9.3260e-15  4.6416e-13
 6.7432e+01  9.3260e-15  4.6416e-13
 6.7763e+01  9.3260e-15  4.6416e-13
 6.8095e+01  9.3260e-15  4.6416e-13
 6.8428e+01  9.3260e-15  3.8535e-13
 6.8764e+01  9.3260e-15  3.8535e-13
 6.9101e+01  9.3260e-15  3.8535e-13
 6.9439e+01  9.3260e-15  3.8535e-13
 6.9779e+01  9.3260e-15  3.8535e-13
 7.0121e+01  9.3260e-15  3.8535e-13
 7.0465e+01  9.3260e-15  3.8535e-13
 7.0810e+01  9.3260e-15  3.8535e-13
 7.1157e+01  9.3260e-15  3.8535e-13
 7.1506e+01  9.3260e-15  3.8535e-13
 7.1856e+01  9.3260e-15  3.8535e-13
 7.2209e+01  9.3260e-15  3.1993e-13
 7.2562e+01  9.3260e-15  3.1993e-13
 7.2918e+01  9.3260e-15  3.1993e-13
 7.3275e+01  9.3260e-15  3.1993e-13
 7.3634e+01  9.3260e-15  3.1993e-13
 7.3995e+01  9.3260e-15  3.1993e-13
 7.4358e+01  9.3260e-15  3.1993e-13
 7.4722e+01  9.3260e-15  3.1993e-13
 7.5088e+01  9.3260e-15  3.1993e-13
 7.5456e+01  9.3260e-15  3.1993e-13
 7.5826e+01  9.3260e-15  3.1993e-13
 7.6198e+01  9.3260e-15  3.1993e-13
 7.6571e+01  9.3260e-15  2.6561e-13
 7.6946e+01  9.3260e-15  2.6561e-13
 7.7323e+01  9.3260e-15  2.6561e-13
 7.7702e+01  1.1233e-14  2.6561e-13
 7.8083e+01  9.3260e-15  2.6561e-13
 7.8466e+01  1.1233e-14  2.6561e-13
 7.8850e+01  1.1233e-14  2.6561e-13
 7.9237e+01  1.1233e-14  2.6561e-13
 7.9625e+01  1.1233e-14  2.6561e-13
 8.0015e+01  1.1233e-14  2.2051e-13
 8.0407e+01  1.1233e-14  2.2051e-13
 8.0801e+01  1.1233e-14  2.2051e-13
 8.1197e+01  1.1233e-14  2.2051e-13
 8.1595e+01  1.1233e-14  2.2051e-13
 8.1995e+01  1.1233e-14  2.2051e-13
 8.2397e+01  1.1233e-14  2.2051e-13
 8.2800e+01  1.1233e-14  2.2051e-13
 8.3206e+01  1.1233e-14  1.8307e-13
 8.3614e+01  1.1233e-14  1.8307e-13
 8.4024e+01  1.1233e-14  1.8307e-13
 8.4436e+01  1.1233e-14  1.8307e-13
 8.4849e+01  1.1233e-14  1.8307e-13
 8.5265e+01  1.1233e-14  1.8307e-13
 8.5683e+01  1.1233e-14  1.8307e-13
 8.6103e+01  1.1233e-14  1.8307e-13
 8.6525e+01  1.1233e-14  1.5199e-13
 8.6949e+01  1.1233e-14  1.5199e-13
 8.7375e+01  1.3530e-14  1.5199e-13
 8.7803e+01  1.3530e-14  1.5199e-13
 8.8233e+01  1.3530e-14  1.5199e-13
 8.8666e+01  1.3530e-14  1.5199e-13
 8.9100e+01  1.3530e-14  1.2619e-13
 8.9537e+01  1.3530e-14  1.2619e-13
 8.9975e+01  1.3530e-14  1.2619e-13
 9.0416e+01  1.3530e-14  1.2619e-13
 9.0859e+01  1.3530e-14  1.2619e-13
 9.1305e+01  1.3530e-14  1.2619e-13
 9.1752e+01  1.3530e-14  1.0476e-13
 9.2202e+01  1.3530e-14  1.0476e-13
 9.2654e+01  1.3530e-14  1.0476e-13
 9.3108e+01  1.6298e-14  1.0476e-13
 9.3564e+01  1.6298e-14  1.0476e-13
 9.4022e+01  1.6298e-14  8.6975e-14
 9.4483e+01  1.6298e-14  8.6975e-14
 9.4946e+01  1.6298e-14  8.6975e-14
 9.5411e+01  1.6298e-14  8.6975e-14
 9.5879e+01  1.6298e-14  7.2208e-14
 9.6349e+01  1.9630e-14  7.2208e-14
 9.6821e+01  1.9630e-14  7.2208e-14
 9.7295e+01  1.9630e-14  7.2208e-14
 9.7772e+01  1.9630e-14  5.9948e-14
 9.8251e+01  1.9630e-14  5.9948e-14
 9.8733e+01  2.3645e-14  4.9770e-14
 9.9217e+01  2.3645e-14  4.9770e-14
 9.9703e+01  2.3645e-14  4.9770e-14
 1.0019e+02  2.8480e-14  4.1320e-14
 1.0068e+02  2.8480e-14  4.1320e-14
 1.0118e+02  2.8480e-14  3.4305e-14
 1.0167e+02  2.8480e-14  1.0604e+00
 1.0217e+02  2.3645e-14  1.0237e+00
