266.002
2254.13
227.119
1906.54
214.398
290.637
808.375
433.508
396.591
2583.66
325.904
1097.7
141.501
375.95
462.65
454.285
571.59
202.798
200.345
595.311
196.371
1284.37
167.113
257.762
2253.55
152.132
1678.44
3327.85
4648.17
427.607
1787.09
475.159
770.834
798.717
232.92
203.194
884.176
2089.28
546.65
298.396
3292.69
334.718
183.374
946.74
5217.82
187.982
1749.49
249.262
212.985
1637.06
267.645
533.317
182.461
233.768
183.133
202.994
2440.76
416.551
1336.33
221.835
219.098
142.483
140.896
597.565
593.13
1062.72
241.495
279.377
187.843
546.817
169.48
371.701
305.347
710.655
409.471
265.913
236.623
483.791
247.771
304.857
164.303
164.802
211.467
2707.28
3769.68
164.785
742.384
154.012
368.58
209.89
992.285
738.132
635.094
673.572
140.219
296.751
146.349
370.242
602.261
299.857
239.461
149.269
2890.34
192.54
833.345
274.82
267.261
949.553
444.262
2578.63
244.283
1388.57
5170.43
260.594
2904.99
212.65
232.768
3355.07
155.137
1500.13
194.46
5427.4
179.907
1216.61
1504.2
1892.97
252.352
189.95
3231.14
425.835
168.488
222.301
150.664
7097.3
362.776
1620.73
456.823
396.02
147.992
537.686
6907.49
140.236
155.826
172.265
185.705
284.711
731.518
4389.48
254.268
253.61
876.081
319.37
493.752
739.649
151.81
4015.99
375.84
1171.22
1135.48
199.273
192.007
150.801
153.541
1826.22
245.246
3615.84
1045.25
344.208
1377.29
826.414
3133.6
1108.45
203.806
221.252
1041.47
4174.29
167.008
436.644
789.913
1401.26
922.797
519.755
277.087
339.958
1344.14
141.411
224.207
664.066
174.109
951.13
418.652
2453.8
173.124
209.749
5451.23
2897.7
214.792
144.921
216.82
1852.35
292.661
893.302
654.983
169.074
145.143
150.263
240.801
288.061
312.057
2689.73
329.124
269.695
498.428
204.118
694.795
7352.28
197.578
1006.32
166.676
436.862
602.838
532.352
148.474
171.428
164.442
188.241
1260.3
4410.78
569.673
335.526
521.623
817.553
2884.68
228.52
368.09
201.507
523.887
524.042
338.72
254.632
339.423
247.262
163.267
2729.52
711.437
615.489
453.81
7031.63
1220.51
271.712
259.758
315.847
2028.8
494.419
219.957
227.326
217.242
178.543
230.929
328.265
2087.71
478.217
185.034
514.731
520.61
192.47
196.536
362.235
463.551
218.891
143.926
2214.34
610.918
732.764
2919.32
384.238
153.386
1219.38
186.739
200.456
780.426
179.24
333.763
265.313
235.991
187.798
428.676
182.953
355.754
321.061
3304.38
1107.35
337.145
1389.67
170.658
341.856
1137.11
3421.41
598.875
228.968
221.634
604.369
205.69
543.132
232.798
172.927
286.646
2846.07
646.273
155.871
260.54
178.137
658.961
2043.02
1558.57
193.709
1442.41
1622.91
289.134
483.069
163.933
1927.2
207.836
396.402
212.203
638.278
251.936
196.15
517.615
786.697
581.474
168.189
201.216
156.029
306.911
1350.46
1470.27
200.598
346.966
543.486
615.359
169.415
180.763
539.845
163.695
901.397
160.261
333.768
170.639
157.514
3037.82
3730.82
685.27
6542.35
592.899
1228.91
448.219
7006.44
155.927
577.119
169.988
309.214
544.91
732.833
2288.69
509.269
156.571
5862.39
2782.69
846.98
262.094
169.601
156.062
2671.1
380.276
183.095
217.045
161.02
190.415
5210.52
3170.09
400.671
155.809
240.194
437.892
707.445
2943.06
301.655
156.01
202.992
477.706
1083.11
4954.04
181.977
159.467
4692.7
277.585
2848.77
214.301
199.418
196.649
256.009
1458.1
1188.15
6694.02
869.746
204.411
361.237
735.019
409.222
411.342
1455.96
2556.56
192.942
343.379
176.236
150.319
167.204
277.228
236.892
158.559
172.794
166.679
1396.99
604.145
925.007
7006.73
255.658
665.636
2558.9
171.331
159.861
152.767
216.232
504.742
330.118
265.781
4649.95
2377.13
165.625
6855.01
163.987
1318.55
563.32
219.618
3878.93
415.282
163.544
250.629
381.006
244.345
240.154
203.676
152.713
666.32
965.241
177.975
257.558
482.652
685.081
142.054
141.898
213.4
145.72
750.114
770.698
233.763
2388.1
289.615
201.917
719.205
162.192
830.742
416.285
244.075
4948.15
1295.94
1002.35
1136.25
845.389
2116.02
3091.04
243.98
157.313
528.928
195.91
3155.84
468.222
177.398
159.4
190.94
209.843
262.635
1252.09
198.404
424.7
3029.94
2323.49
275.278
1733.39
5643.02
2639.94
300.964
147.689
277.021
252.154
4510.6
246.892
163.289
178.856
896.155
193.998
363.033
184.386
5361.31
5034.72
154.758
473.458
2577.81
4191.79
242.739
257.389
170.669
146.328
6338.39
452.689
540.451
1633.6
196.355
258.968
318.929
228.523
309.747
281.147
739.428
259.217
214.089
148.281
592.362
1380.23
216.352
198.971
613.644
781.249
4421.21
311.18
176.237
930.504
810.594
143.027
285.813
677.102
187.529
143.266
250.078
2291.06
442.163
1725.81
1811.6
2182.79
425.741
272.988
1330.87
374.408
895.487
615.88
330.179
144.922
420.626
217.865
1145.15
4120.36
212.862
747.803
1814.18
348.64
255.02
979.834
458.615
241.947
192.593
310.453
171.18
1929.39
340.747
262.843
426.71
177.927
273.191
285.528
212.927
3756.04
149.482
161.232
142.694
267.436
1373.87
418.636
299.961
1046.24
6477.27
230.253
866.5
463.327
934.87
180.658
809.872
349.95
3309.35
157.784
261.846
173.705
285.454
3781.53
4167.65
180.806
187.662
1271.14
776.536
332.987
274.099
1005.83
281.891
2981.52
1286.21
226.529
211.669
2136.36
1457.37
1633.27
179.256
1411.83
145.909
141.65
358.598
221.85
196.727
185.842
156.196
363.554
543.78
344.494
353.079
256.295
5275.91
3175.23
555.389
215.88
545.711
215.099
510.03
154.554
2713.71
3736.79
1789.56
2298.77
3291.95
2407.68
2360.73
2047.94
1720.68
1245.61
582.347
3394.22
2133.25
484.105
149.21
269.949
624.879
185.79
766.89
619.19
937.27
678.883
2398.85
521.593
313.08
291.003
180.921
1463.19
171.279
166.693
209.017
299.532
770.457
157.039
266.422
747.226
242.637
390.464
175.001
848.891
185.454
1554.17
181.848
651.54
3827.38
869.976
1437.13
192.929
203.254
842.651
847.121
160.483
763.901
482.633
173.777
211.11
294.389
221.624
399.188
303.331
151.241
2718.54
209.407
435.535
393.143
211.591
784.406
195.35
892.729
449.07
203.01
344.318
4216.42
214.495
231.571
274.863
1904.44
160.028
205.635
5044.24
241.524
2592.61
176.222
304.477
171.18
2058.98
215.894
282.246
1990.78
1016.54
143.176
482.995
355.708
158.772
326.53
166.888
2414.13
238.502
1270.16
230.99
824.099
277.882
291.242
220.204
145.282
1628.38
373.938
220.264
5569.57
388.731
1915.25
434.873
163.584
375.379
149.259
816.628
508.883
324.066
1828.64
6334.11
249.452
389.391
2300.15
1814.25
1486.15
210.924
373.853
360.076
149.108
426.285
297.448
148.377
500.475
146.69
901.131
339.724
587.172
468.655
1211.47
158.948
689.44
3290.33
885.601
171.017
467.698
2023.06
1863.5
1488.45
256.547
356.416
2848.23
441.494
539.339
380.709
211.573
2453.71
381.128
254.754
5346.82
182.516
212.186
175.251
6052.28
151.5
214.754
185.212
745.537
283.062
156.035
449.751
572.682
326.016
720.35
7041.85
174.368
255.218
350.7
332.717
573.316
2475.85
861.669
771.43
735.75
287.731
212.115
571.778
237.42
6377.97
162.562
3825.26
168.077
230.91
201.277
1539.75
720.359
598.409
145.395
190.542
903.991
459.384
176.784
1500.68
1372.82
6643.98
3023.47
435.778
1327.96
204.346
192.165
3540.29
482.172
1499.11
198.96
6027.39
315.136
558.651
4662.02
146.859
174.818
2746.82
237.427
144.036
144.788
4737.63
233.852
6649.01
494.739
2363.6
2426.29
3855.13
4940.6
4505.44
155.718
5082.72
689.931
487.972
2293.91
151.319
285.24
282.99
385.967
386.548
563.296
302.729
865.978
178.132
349.113
1918.5
2043.72
3011.21
550.1
2031.73
268.429
199.648
537.283
4379.52
254.791
172.649
4700.28
345.206
226.873
1253.65
193.22
272.931
1022.3
3601.82
3361.93
4353.5
324.288
192.749
174.817
330.531
248.431
1791.82
1281.59
2696.37
262.43
3229.14
2129.12
2607.91
241.865
187.77
2039.67
331.142
188.25
229.459
6334.81
1502.66
146.622
842.159
749.74
1994.96
2691.54
198.62
4618.85
496.857
189.708
667.383
1227.82
506.209
252.849
1638.88
178.693
257.624
563.869
2216.32
215.447
836.819
4632.48
1151.33
281.038
182.797
308.287
229.843
1819.45
3190.77
157.368
174.368
362.199
259.863
630.872
1052.84
330.882
2627.19
330.169
320.654
199.156
196.991
1350.61
488.734
178.769
692.84
154.07
2138.94
2244.16
159.228
3464.77
302.716
871.344
1631.93
267.509
141.994
1080.14
165.458
146.047
150.556
448.995
312.272
176.38
231.771
412.157
146.049
143.891
2505.48
324.266
169.085
173.308
353.89
639.94
605.244
401.188
600.223
531.562
371.797
770.455
1488.31
981.198
3925.7
367.183
225.817
254.961
2843.43
797.149
776.351
739.022
297.023
2780.28
156.454
440.196
860.406
532.073
1339.7
1860.99
170.999
260.299
326.937
1845.63
771.184
162.303
2989.32
7779.17
1676.26
162.863
199.989
4123.52
172.676
221.746
2395.25
152.357
243.04
184.992
402.957
234.326
156.816
451.141
219.748
2068.39
171.846
155.16
7408.38
466.81
203.987
153.377
4333.02
1727.93
5996.17
171.201
147.115
183.04
217.637
242.564
179.068
294.451
215.312
2147.48
1299.94
147.778
204.785
237.553
144.393
1646.24
1149.71
299.657
148.516
410.16
175.999
144.319
1335.53
220.673
549.968
479.242
333.146
200.578
153.099
3062.26
203.151
296.867
3004.47
625.466
2202.06
299.826
190.046
307.027
160.918
214.929
219.745
142.62
2012.2
3832.69
4447
557.895
194.859
193.089
351.534
191.064
610.995
1216.05
179.333
993.022
151.217
323.199
3353.15
2173.09
2547.42
579.213
1032.36
661.957
642.544
253.908
3662.66
353.652
1306.7
701.51
1476.6
212.733
211.163
331.264
1980.15
462.665
176.892
718.419
367.575
214.012
177.898
900.289
941.326
643.702
443.38
221.755
160.693
248.923
357.846
209.602
157.573
5451.59
144.246
160.173
172.827
732.116
195.131
5307.74
241.422
390.899
448.973
1428.69
320.291
1930.22
179.35
269.039
241.214
809.294
275.952
198.255
168.763
356.655
3130.45
1159.81
1775.55
2956.19
156.588
199.374
2437.47
216.609
531.652
250.603
716.885
154.1
223.598
351.018
146.94
159.975
1503.65
145.352
153.633
208.444
199.807
179.65
351.438
1463.59
613.685
1139.85
5356.14
197.86
171.099
307.055
197.078
1816.03
991.118
156.653
193.081
141.142
177.824
148.357
2394.66
1434.96
218.801
1263.07
230.166
466.703
5737.42
4560.86
219.406
230.905
1449.9
3035.8
158.48
2591.66
1687.57
458.049
408.45
6266.28
210.647
278.015
1204.75
509.932
381.766
560.279
253.717
268.38
262.502
148.55
1820.91
146.577
3697.44
364.665
2045.8
1992.08
2300.65
3174.2
2981.37
142.976
5887.1
543.037
177.283
142.814
170.421
451.255
4261.48
322.587
156.727
1283.44
324.005
670.403
224.398
973.932
180.349
247.012
296.314
209.21
149.99
2042.49
375.109
737.426
141.38
313.229
532.828
621.046
1383.3
3332.4
195.226
144.656
1928.88
544.15
981.145
154.779
185.874
273.59
184.477
163.989
861.348
193.074
242.838
186.752
433.364
342.888
179.066
192.456
455.656
168.549
145.763
180.916
222.587
148.966
353.486
525.418
327.845
229.742
2472.27
224.821
589.848
602.986
178.233
807.765
811.991
1954.59
242.715
166.081
148.859
231.69
884.034
238.259
224.493
798.191
152.627
2568.14
181.832
236.868
182.67
2683.79
165.123
180.916
158.465
5281.92
428.857
799.435
870.237
4354.1
856.513
533.13
197.75
179.046
1199.14
4180.51
800.095
300.451
376.13
1272.3
189.648
196.182
711.215
177.08
276.113
150.408
147.151
157.416
476.283
279.427
181.562
496.865
3455.68
404.412
625.109
336.306
705.99
213.185
165.145
2865.99
223.617
1899.97
288.571
633.808
2689.65
155.366
178.277
6313.33
331.119
284.497
213.851
540.907
646.363
491.315
262.827
4880.03
217.873
274.916
237.971
1034
218.334
229.977
271.991
378.858
163.762
631.865
221.883
196.384
239.976
458.709
441.133
198.375
225.983
2182.08
227.291
218.961
200.227
1002.17
162.056
1244.29
1607.91
163.429
709.315
242.545
1628.55
143.436
1144.65
957.302
3382.14
274.489
898.464
864.176
2422.33
163.975
238.629
367.197
335.017
1163.2
154.554
173.696
1010.46
141.476
1052.62
3429.87
713.257
208.103
738.702
167.436
158.022
189.988
212.238
4466.32
3262.8
155.769
201.533
326.287
172.494
345.467
218.074
263.902
3999.68
149.554
192.872
307.508
153.514
164.375
199.163
442.51
6007.56
367.534
219.629
3630.5
182.689
4680.7
178.921
237.018
2414.64
233.061
155.75
759.305
289.706
208.869
157.863
171.712
210.69
153.446
594.467
201.482
376.816
1994.48
340.53
412.948
157.284
737.088
343.855
349.785
2140.23
4201.57
209.43
3584.23
194.724
217.599
524.879
190.132
161.623
1912.12
213.836
147.344
287.066
219.447
525.761
1183.39
236.313
200.452
2515.92
1725.56
861.669
156.968
741.429
468.657
1248.54
256.467
427.213
171.142
282.492
215.95
588.699
723.028
261.377
629.852
1027.14
191.406
250.496
163.967
169.45
311.305
148.63
230.423
185.687
316.07
223.787
213.063
2895.82
237.159
7029.67
232.046
312.542
4160.56
3857.25
258.992
5889.85
783.748
2717.81
1518.76
823.57
343.853
3469.51
174.478
152.588
169.923
413.093
173.639
186.545
2090.36
367.026
388.805
250.413
215.58
154.038
3747.62
2352.55
257.258
407.101
181.879
155.438
171.014
420.182
4771.35
267.607
166.607
226.805
229.071
150.242
336.212
306.411
617.873
163.405
996.023
206.621
176.487
210.67
296.562
235.014
247.848
5081.64
257.087
467.276
211.502
149.93
2323.22
272.15
1260.4
3719.84
2331.42
1133
186.65
5220.28
2133.21
194.481
402.139
2490.23
1951.36
4483.6
4286.52
185.08
4109.52
228.924
195.058
163.288
1581.64
201.381
1836.32
5537.96
902.149
1736.5
1322.32
342.627
306.073
2221.9
203.498
190.486
296.231
1085.09
215.281
263.314
4580.07
643.847
639.038
1778.48
5573.24
259.84
856.558
172.823
228.565
201.291
228.564
1526.6
766.41
283.433
266.51
927.433
174.522
323.861
278.842
406.485
200.135
327.55
355.346
308.313
969.931
374.895
238.615
317.917
145.689
378.374
563.8
299.027
931.676
219.673
734.436
374.467
1339.83
257.207
259.735
541.647
3030.61
162.271
1448.97
160.508
467.909
142.694
197.659
385.135
617.829
305.315
168.217
1296.36
607.658
2751.04
854.45
5721.11
150.636
534.935
1970.63
147.316
193.68
190.663
240.685
353.668
3047.78
251.388
162.284
190.182
6656.4
278.282
485.068
4542.73
706.475
144.192
1176.31
160.188
168.674
236.245
236.237
151.325
461.23
208.413
160.123
325.072
1929.2
608.301
316.966
249.018
1864.58
577.706
4843.37
485.637
2685.08
676.884
206.086
160.891
158.794
244.638
492.076
4347.7
472.115
5070.31
2252.75
157.867
183.274
142.466
436.656
150.367
192.937
190.915
430.299
6087.34
254.874
162.223
162.756
258.537
2824.58
6902.02
424.862
151.34
144.816
234.425
3487.47
788.34
523.552
287.377
1747.97
201.301
848.684
1434.97
2161.9
183.986
166.923
170.686
148.707
149.085
3668.15
2541.04
2642.65
297.542
3603.88
1412.47
194.458
2782.19
798.004
462.831
4329.06
216.781
157.07
290.345
155.997
3508.29
408.197
771.359
157.298
200.236
388.433
150.306
2192.42
146.479
740.768
229.269
815.653
425.562
393.545
272.526
207.987
141.871
813.095
417.806
913.987
2936.83
364.588
225.115
2680.87
281.527
148.412
2694.88
196.585
409.825
177.627
230.729
358.497
744.202
1228.46
144.083
241.892
611.398
308.021
250.685
2213.99
144.162
301.634
2063.14
496.276
197.463
215.567
583.533
241.818
637.691
392.732
268.87
147.073
1428.48
571.621
500.09
2957.86
893.571
857.07
2208.06
1637.85
163.224
1201.54
214.656
649.512
161.541
254.15
193.12
923.479
224.269
150.64
1540.54
143.833
680.017
679.421
712.973
154.783
934.949
1326.26
566.996
158.344
581.021
187.008
3213.67
167.163
451.195
4429.49
161.992
289.946
167.622
2829.59
441.828
254.719
252.438
3167.19
1790.37
605.928
753.923
189.371
645.808
157.843
338.159
327.988
243.795
928.718
195.581
257.726
1086.8
1857.7
245.116
420.986
2994.99
353.837
285.683
2007.98
238.127
2745.08
1342.37
408.999
412.178
1048.38
2738.75
1011.52
238.785
175.744
277.765
5921.01
335.288
161.274
493.701
289.34
739.36
244.55
204.623
2473.94
271.318
449.591
6403.46
390.709
4694.29
251.897
578.849
150.04
712.649
174.413
744.622
172.577
528.803
248.083
687.164
614.413
952.701
328.772
175.732
394.557
418.462
162.023
680.627
1524.83
660.5
151.489
2250.43
1065.05
312.367
304.805
1194.3
149.755
182.708
6046.11
282.994
170.328
545.89
279.513
202.031
775.958
1265.11
653.115
159.274
466.497
355.286
203.45
1410.24
7330.5
1606.02
2560.09
229.215
154.24
2293.3
251.779
2280.46
146.377
1790.12
272.154
166.34
944.663
189.576
153.407
540.553
1048.92
476.903
1196.56
440.364
2643.99
389.669
217.222
184.175
276.137
154.662
490.402
275.764
310.201
187.378
380.647
215.527
1011.96
223.363
1110.44
456.249
178.827
7002.83
179.88
905.401
141.709
186.315
549.373
157.765
290.967
323.071
195.82
481.721
163.759
671.017
362.273
3241.95
4787.88
1467.68
1126.34
193.94
792.418
216.575
444.35
192.714
403.192
195.014
449.487
424.228
158.318
252.02
259.467
161.758
1727.63
918.779
1294.47
174.294
154.351
301.179
811.56
228.084
153.16
705.331
284.343
464.494
179.747
579.872
164.718
1770.22
4032.14
430.214
305.488
177.345
173.137
167.046
167.061
955.896
4957.19
269.979
509.204
769.63
164.573
153.302
4520.88
530.688
267.83
561.979
721.137
1191.61
580.262
925.007
227.901
6549.67
4163.5
182.342
183.692
2248.57
493.772
415.534
306.153
476.2
267.568
4510.99
260.821
313.023
176.444
160.319
145.943
405.825
4059.26
149.614
220.598
348.911
241.514
163.934
198.441
266.229
291.884
611.103
5874.57
618.529
1984.18
162.85
558.068
544.895
348.329
455.049
1060.24
968.574
150.244
182.712
650.466
2910.62
2152.01
304.346
398.666
704.652
4161.23
292.37
914.043
221.775
503.139
621.528
182.708
224.144
2840.3
213.678
190.677
266.786
256.922
277.856
834.277
216.862
297.482
275.923
211.655
183.63
197.454
234.649
1594.64
172.311
211.772
162.3
244.036
1695.41
515.219
293.422
272.599
428.679
530.735
239.346
2551.84
2693.4
157.82
494.004
147.372
179.47
152.254
175.423
322.705
270.056
1396.63
436.569
3566.38
219.429
175.442
1211.17
185.018
698.724
164.635
2167.55
163.466
155.472
155.247
169.443
520.993
172.913
535.019
336.724
4072.12
162.783
365.973
282.832
163.095
239.138
480.059
326.149
3947.78
6250.1
3915.28
845.514
677.315
1731.82
369.479
390.271
2223.49
157.616
252.415
609.239
4146.98
1514.74
167.132
3491.84
219.797
2171.32
2449.27
1174.43
3637.59
212.708
148.809
1010.6
425.701
524.347
3571.61
230.387
3250.48
1535.33
2759.22
176.033
2145.8
2515.2
226.237
498.161
149.135
219.974
280.892
146.02
454.372
175.463
397.389
3181.77
683.436
522.25
350.117
452.259
409.353
628.908
2410.25
267.218
267.907
393.838
2831.22
285.443
150.218
165.628
184.279
277.213
189.348
154.492
253.072
324.321
495.589
723.688
142.011
379.31
2627.69
530.692
161.794
4017.67
2637.44
431.912
340.431
294.038
170.125
1848.74
1226.93
1039.19
145.077
185.049
228.441
171.664
1785.03
3979.3
185.121
158.077
2616.03
268.657
145.381
228.221
178.879
202.961
1281.94
287.679
208.495
162.953
327.639
192.293
360.794
223.865
151.456
4543.01
1631.27
676.869
200.297
151.399
180.249
502.88
168.585
575.797
231.282
628.643
285.707
254.323
184.644
1398.13
171.208
303.172
435.55
325.919
216.139
203.337
160.042
1586.23
744.676
731.807
458.761
329.189
3292.15
156.738
218.587
311.724
606.085
1895.66
777.744
1141.95
428.084
868.575
262.393
377.12
7275.25
3272.18
621.153
155.723
192.758
325.978
364.581
212.96
269.775
144.913
4747.58
1116.36
157.988
4313.31
173.692
348.791
305.754
313.289
187.04
244.109
348.692
1280.23
506.913
291.717
193.678
552.539
1645.43
216.996
231.992
4521.12
4770.72
286.732
6466.26
238.479
322.574
169.685
182.388
179.653
358.061
168.83
353.616
2020.45
169.967
159.933
1688.28
2670.41
3547.57
445.311
5032.09
499.871
1264.76
2213.27
256.739
190.929
206.959
310.795
425.29
455.29
575.519
293.587
1875.47
4670.85
5024.93
277.382
1163.51
450.785
552.075
1205.13
1462.03
4638.73
398.152
204.226
155.145
696.595
311.315
2621.74
507.335
219.524
294.125
2999.89
497.494
272.747
250.674
2739.02
247.174
6921.6
156.559
219.331
152.344
173.994
750.575
3729.26
572.184
275.035
1471.49
246.111
152.107
1455.77
293.87
507.258
483.695
243.584
202.553
933.221
353.891
2136.25
2323.12
721.917
158.9
196.775
195.099
641.512
515.05
258.671
228.593
175.996
191.872
192.689
243.031
164.862
354.555
1866.48
2312.92
1291.57
569.305
235.124
5352.34
216.344
192.328
545.768
452.276
655.947
2331.4
186.925
3972.49
384.539
154.577
650.775
154.161
352.273
171.468
169.158
199.119
2701.15
197.422
1351.21
182.46
169.095
2156.15
319.566
2567.48
168.994
175.078
190.258
609.305
523.065
750.188
806.153
1180.12
1280.61
1744.71
282.057
516.319
971.825
143.056
162.383
173.88
555.89
242.677
226.277
290.094
283.818
260.904
322.44
390.988
321.937
178.084
182.778
410.983
2797.22
214.548
2244.23
377.02
800.253
371.759
384.193
161.495
3903.26
412.886
1011.42
262.314
206.361
345.441
1033.76
729.948
727.223
282.073
345.487
247.282
158.351
691.319
230.824
833.297
2110.26
815.658
155.25
725.493
2264.39
219.142
283.58
416.802
509.27
1286.88
1444.25
1469.09
1116.81
248.171
327.802
241.219
202.102
241.82
272.986
147.106
481.446
646.456
389.273
201.401
195.162
1007
886.162
260.663
149.742
144.458
191.801
162.758
250.383
166.498
175.047
634.482
485.189
205.269
191.415
294.825
184.658
3296.41
241.915
686.311
207.882
145.176
5714.49
193.284
401.628
267.325
1172.67
704.568
167.113
546.258
5038.6
1705.79
433.069
4838.66
294.644
1223.29
192.535
2005.12
1026.87
207.593
300.775
283.581
267.581
3739.22
2511
305.671
199.955
260.623
360.588
190.758
174.41
251.716
320.061
3241.58
3027.09
729.123
713.147
385.53
249.936
1480.78
153.748
1539.24
308.341
949.047
1074.2
734.079
164.761
618.492
469.663
1507.32
1545.65
220.67
5475.96
484.617
180.939
2782.15
184.394
181.652
177.002
234.812
459.904
704.998
163.132
3368.36
201.753
185.287
155.16
154.97
257.252
1985.54
791.741
282.114
496.083
223.006
383.673
663.435
243.548
3482.24
184.209
1553.51
175.782
248.309
2638.15
173.131
204.044
164.866
325.488
412.426
313.353
648.983
295.35
631.36
337.291
208.161
1778.88
1136.32
144.734
316.785
168.764
168.659
1040.64
788.728
593.442
2580.21
4044.35
1797.24
1308.65
245.959
638.607
1154.49
162.84
194.628
186.397
202.687
718.703
173.553
161.732
2874.22
5708.8
1742.06
369.159
378.101
159.81
1775.15
142.867
290.07
155.227
228.24
793.566
1203.42
417.809
216.981
155.161
371.132
717.541
355.554
274.175
224.162
222.535
239.526
163.608
4625.33
811.673
5561.8
182.608
371.116
204.99
233.071
217.515
306.572
6606.94
227.256
289.6
209.259
847.304
5601.54
1024.42
637.86
288.563
162.132
192.06
182.105
155.396
198.314
146.657
152.119
250.399
200.995
207.048
854.216
2437.25
511.369
1202.52
423.317
160.959
222.525
1757.56
217.55
1569.19
1807.49
187.932
293.375
229.712
4956.92
204.255
220.542
2427.54
875.96
1327.36
1336.76
409.232
3798.85
2419.98
142.455
170.445
2016.06
2192.2
1235.97
288.801
349.919
543.016
1152.5
202.13
273.118
168.063
155.418
456.998
514.094
146.326
192.6
1456.91
5387.04
307.747
867.932
1684.07
1378
2158.96
2658.08
251.812
819.754
249.009
2804.64
278.232
152.388
292.355
334.032
302.597
172.977
256.592
940.922
2346.56
350.906
1979.02
338.781
318.668
189.009
853.335
352.599
190.102
825.402
267.465
170.504
242.481
162.876
1036.49
152.043
258.068
208.453
150.655
425.564
1702.32
2395.87
153.46
203.38
157.627
176.18
258.823
199.989
2042.08
179.142
239.014
485.706
201.202
148.237
153.614
198.899
588.334
274.451
334.075
1339.34
934.22
194.359
271.759
320.996
1664.8
213.93
3130.53
772.837
156.628
749.747
1305.86
284.696
548.303
198.981
210.662
221.378
278.734
1272.37
309.327
3348.45
2571
170.473
150.622
160.53
382.771
2737.19
359.516
287.285
175.939
622.592
336.42
223.343
227.886
269.463
711.36
4055.89
3302.16
2700.72
440.925
398.978
168.514
357.739
144.215
5083.97
2334.7
755.025
1403.21
314.047
232.995
1638.39
552.256
301.334
342.121
150.34
493.902
7541.45
615.399
208.047
5270.53
194.496
1707.53
973.426
354.691
1688.82
162.753
623.991
247.836
201.961
1739.39
177.227
349.474
2276.42
365.368
235.358
1127.7
190.156
500.431
360.641
1059.26
345.245
148.972
455.304
161.311
3198.89
590.859
200.061
202.919
192.905
497.025
2977.67
2660.06
359.613
668.703
248.493
304.535
302.297
214.431
218.237
168.82
1025.17
169.197
151.217
1033.94
199.8
890.384
218.581
169.341
1372.84
153.214
467.93
151.434
1132.48
342.491
176.94
464.924
810.189
253.821
161.61
496.512
2077.14
922.681
4816.42
656.29
447.367
2865.05
143.233
298.724
248.531
475.641
890.314
1414.61
142.922
166.062
1548.48
437.087
1121.64
185.938
450.606
1731.29
407.188
381.167
288.266
896.665
3395.84
630.773
229.082
1137.7
1055.24
832.871
142.692
263.793
872.005
188.304
2109.96
158.915
166.783
943.683
143.381
278.241
399.832
185.802
668.764
4508.91
299.909
1738.04
930.027
1970.95
201.671
437.918
329.622
372.064
486.489
1755.22
2541.88
308.622
680.543
301.493
185.776
152.135
297.417
289.212
187.099
296.435
488.825
945.669
3720.36
307.323
274.169
150.625
461.81
377.573
143.799
148.799
286.16
174.715
767.022
1087.2
1133.57
254.92
250.937
417.633
1993.14
426.366
237.335
2089.53
211.631
287.016
170.093
166.756
242.294
259.758
286.674
292.083
184.422
410.153
3283.97
4037.49
3187.57
2335.93
244.066
298.112
5996.89
216.618
269.416
4579.95
3380.02
232.332
355.887
192.439
165.169
2876.39
160.317
272.769
141.057
2670.07
235.5
1301.9
223.254
265.904
1239.22
2946.83
168.355
167.286
1700.48
186.685
230.852
249.298
6178.67
594.614
143.809
320.979
156.748
241.068
166.484
204.748
186.37
1492.94
3241.08
204.495
522.321
240.079
272.151
935.918
183.533
259.693
264.117
2382.52
951.817
475.773
302.206
241.849
393.353
214.95
243.595
944.632
279.614
477.901
144.369
444.027
2548.73
277.429
758.949
415.3
2736.45
153.483
1737.34
1331.85
1499.66
158.034
307.166
143.626
225.238
569.401
189.232
473.145
373.113
394.066
149.916
283.421
410.109
364.227
241.9
159.169
489.896
289.208
419.143
1812.36
459.789
212.566
1354.48
322.778
452.094
827.919
269.824
424.618
438.736
189.419
153.15
904.912
163.781
2554.8
3690.48
495.667
192.731
269.864
1345.63
241.723
1465.32
6363.23
185.197
774.26
591.833
4207.57
390.911
216.513
4801.12
339.327
590.194
271.935
782.466
198.984
574.612
256.273
921.51
998.865
3360.55
600.066
365.806
178.237
322.289
223.21
188.533
5065.4
270.03
422.903
3093.64
189.71
1204.94
639.963
568.89
430.83
190.234
160.818
298.897
510.669
166.364
252.327
2822.12
197.083
249.531
2871.05
1832.05
261.11
251.387
1172.8
374.242
171.251
398.55
3129.85
1335.34
272.673
632.538
452.858
1376.03
142.802
216.353
252.483
1003.74
327.863
3562.37
288.936
174.493
452.799
286.059
1359.51
195.42
535.655
205.859
309.746
220.792
1171.62
158.511
3788.33
275.388
330.659
860.161
412.312
616.957
255.7
399.036
206.258
220.907
1615.23
194.87
449.299
834.691
213.71
1120.35
5452.41
305.584
227.723
243.809
214.441
249.813
1044
140.592
150.421
207.616
271.197
145.104
154.713
273.052
608.941
221.222
177.587
380.191
222.164
2103.42
1628.74
647.739
215.416
994.813
356.319
3784.16
1550.95
187.135
301.074
242.273
1725.23
728.271
776.816
2629.61
167.159
5646.78
251.648
928.932
194.031
415.588
207.684
211.788
160.639
461.062
173.123
239.719
183.902
418.254
437.963
380.785
166.815
3126.76
262.924
310.283
4286.54
1258.41
1570.61
1410.3
244.4
2155.64
223.821
147.861
212.151
170.022
185.647
3188.34
170.302
195.496
842.345
220.884
142.064
954.828
466.885
179.569
181.891
1766.2
4804.21
449.443
3097.69
1481.32
273.784
1568.07
1351.43
318.43
494.35
468.181
416.671
1522.09
255.352
146.944
878.22
487.665
628.092
477
158.104
144.828
881.979
142.076
181.833
262.122
514.626
306.549
340.42
5977.94
1609.95
153.843
168.812
922.275
289.753
1803.55
676.259
1529.11
637.56
288.146
255.144
340.721
3153.42
167.317
214.978
150.61
149.819
252.404
292.365
2997.71
499.782
277.148
405.111
589.729
1258.5
294.588
396.462
1776.81
235.915
281.175
725.624
204.119
164.346
216.566
1605.31
276.706
152.944
433.071
162.349
4299.14
603.087
229.254
250.823
198.082
4203.92
196.9
178.927
1011.9
209.804
912.463
264.848
353.779
148.704
182.235
3766.16
155.615
3256.72
2165
1817.82
1368.07
702.031
892.789
180.93
4859.72
818.039
479.234
555.907
293.677
465.773
2727.08
207.258
3892.51
1473.84
580.207
191.716
1548.19
158.065
1224.06
1136.69
3880.19
5304.23
660.086
644.778
1554.02
188.173
323.665
197.564
152.603
1006.28
1269.22
287.799
339.534
181.888
3398.51
145.855
1241.16
331.904
151.614
215.892
263.697
2971.97
346.368
880.957
190.76
807.101
268.556
446.938
756.233
241.35
636.291
974.292
165.644
1198.46
1231.81
315.8
1134.61
707.291
165.041
1667.56
317.763
181.709
343.519
414.449
287.695
546.876
255.9
2518.04
1842.57
404.085
2436.9
3855.4
401.581
4981
1835.47
816.328
2696.44
1261.61
1637.09
901.636
167.153
423.986
381.095
1659.13
244.029
185.254
747.969
3424.06
443.203
203.157
159.503
507.408
151.071
411.181
189.212
3897.38
2089.24
3935.27
181.228
580.461
346.38
494.829
144.412
267.704
396.263
148.008
177.97
7093.66
1178.53
550.061
3368.91
4103.27
165.859
271.144
156.757
1283.77
196.967
502.802
171.429
167.503
215.241
235.836
144.594
1796.77
168.938
149.521
173.28
1092.24
255.731
273.529
425.155
160.431
408.201
616.156
404.282
267.078
201.728
183.447
3465.11
1163.76
312.693
489.421
182.786
3961.67
2407.16
372.089
176.499
2078.77
1185.83
785.893
315.721
6166.96
312.084
210.745
502.034
215.108
449.242
3718.04
504.591
271.332
225.911
422.506
452.489
725.002
149.365
604.203
418.562
4308.5
156.585
5068.35
251.039
150.249
188.796
153.004
285.408
249.901
535.312
174.531
432.601
5819.67
194.705
310.929
2216.51
1126.31
305.304
215.436
242.21
317.834
292.302
152.89
1192.47
835.706
2883.59
173.415
6656.44
1162.03
164.353
169.184
3062.89
148.818
1977.54
1857.62
3139.2
1278.23
3023.36
626.609
1506.23
160.125
417.524
2728
3164.95
914.039
1460.77
1688.69
602.098
308.396
152.237
556.249
412.495
192.522
6236.46
725.24
3281.23
339.39
1498.79
330.454
384.946
267.493
152.074
657.181
180.349
432.381
488.218
583.363
141.36
713.079
1696.33
1967.26
168.263
169.817
383.396
1561.42
161.419
2116.45
544.13
497.935
244.515
672.02
644.24
161.562
236.407
1659.96
576.769
1050.63
3490.56
470.277
246.419
314.272
838.728
377.705
401.093
3095.85
5183.83
181.57
679.913
220.786
180.904
293.47
725.384
494.103
1985.85
274.463
1692.15
220.636
5654.17
253.971
5032.66
227.828
247.862
332.529
147.09
395.027
403.412
184.028
5929.25
339.265
307.935
407.135
2533.58
226.252
895.062
154.37
342.081
333.35
411.437
288.508
153.052
187.162
446.856
236.974
1307.23
158.35
167.379
246.538
6296.44
2444.54
180.645
5076.15
6267.09
140.293
2646.87
180.02
183.121
294.102
181.412
4582.96
155.351
2118.79
472.695
195.367
216.191
148.291
223.76
227.402
406.871
420.665
470.711
175.216
451.298
1461.3
1632.97
227.351
183.346
2684.81
1437.71
191.149
150.889
192.547
1426.5
1282.95
267.798
2345.24
519.679
174.486
274.102
164.576
582.671
182.55
198.734
232.001
1680.06
480.821
565.76
384.394
168.147
217.905
153.626
769.297
187.998
316.26
2274.95
519.13
4152.99
152.02
490.449
3265.95
2628.76
143.744
1489.44
201.036
258.022
261.005
273.033
1554.77
158.795
4498.98
288.971
5211.65
887.892
161.172
3077.73
5666.49
1359.57
163.646
442.566
320.216
1797.28
476.257
289.606
152.837
2324.3
2845.51
1989.92
215.468
443.644
3236.94
493.919
351.335
250.01
180.889
1785.11
1686.72
2698.22
268.013
206.146
3065.82
1215.77
151.958
303.067
812.683
1574.77
166.427
1738.08
154.237
1049.33
195.96
335.293
1180.79
141.553
337.893
323.81
3853.57
194.996
1829.18
727.975
155.902
158.025
505.053
147.686
2569.85
206.431
2530.28
198.721
867.928
893.934
986.667
243.703
3272.76
267.499
231.22
3038.97
270.176
757.747
413.314
169.875
3192.35
280.447
4173.9
3543.01
160.713
250.003
215.298
446.386
569.342
155.007
157.595
253.071
354.535
1177.64
214.37
1523.63
1644.17
685.273
725.381
294.346
164.74
266.853
162.518
145.908
467.076
253.495
1732.73
340.23
2941.98
5485.17
615.474
197.705
504.718
299.858
1960.85
540.877
4552.83
1309.16
4957.66
192.69
5261.32
229.024
321.276
144.718
2711.1
4259.62
2289.74
144.264
1854.99
1670.79
155.235
455.579
181.837
193.257
821.433
185.202
194.998
1341.41
1428.48
1507.46
446.975
777.474
305.367
3836.66
193.488
272.531
672.323
253.54
329.396
209.823
1130.59
196.873
305
203.768
176.219
1512.85
608.26
164.437
1021.03
433.352
782.052
370.457
311.122
142.552
1055.26
176.484
923.226
1428.49
146.336
4142.33
303.876
592.642
193.156
222.822
284.321
1354.25
532.375
266.74
3688.39
517.659
276.03
186.225
2063.96
147.159
312.554
276.269
186.831
447.342
148.303
149.695
147.639
763.113
300.811
254.747
184.323
309.252
171.06
1330.31
504.107
236.09
289.781
217.137
7364.75
522.662
249.562
552.785
1796.97
208.543
248.058
188.593
156.87
2086.43
199.912
298.771
226.298
1249.3
5677.05
159.349
1104.81
161.623
5927.63
339.883
2168.79
537.679
180.974
1254.29
160.958
340.64
731.254
3285.26
5091
232.635
6449.62
5709.45
3780.82
281.279
775.46
154.606
1148.46
225.623
306.603
228.458
164.523
4437.38
243.801
259.938
1153.78
162.223
1662.36
361.364
348.664
281.41
1872.48
930.919
233.733
168.692
380.236
451.555
280.676
3531.44
277.381
237.051
652.043
173.611
487.325
267.6
3712.19
518.883
221.863
382.896
1294.9
266.637
317.081
3861.64
181.763
1575.69
453.234
3337.74
258.329
795.656
4340.93
6208.51
5548.11
910.028
147.386
2167.51
222.448
3065.91
144.961
225.826
147.821
280.55
3170.19
524.595
205.337
1980.38
958.891
395.666
312.471
6450.87
4084.48
146.178
828.308
181.236
263.367
199.617
607.683
5857.11
704.219
495.373
556.404
302.661
951.866
494.239
144.802
2692.33
498.163
1362.46
251.402
353.833
437.239
5956.73
1860.83
1517.2
164.884
458.875
192.533
169.477
1506.16
7018.93
352.532
3232.39
461.431
1075.73
145.903
328.412
1201.91
1055.21
143.086
194.808
5083.82
149.966
245.588
177.606
3711.61
166.011
2284.4
224.784
219.084
160.754
187.518
147.596
307.538
361.157
1107.96
2742.28
182.735
5945.01
203.441
283.483
545.453
483.409
437.703
494.466
806.263
716.308
1291.98
153.621
295.463
221.903
4065.05
1425.52
609.917
1203.63
1896.3
2012.4
145.106
3542.74
148.816
147.723
262.664
263.428
509.724
186.882
2352.02
3169.24
3167.27
157.604
284.233
330.822
244.124
183.197
4700.22
240.175
158.216
2616.73
3715.08
226.311
156.637
240.897
1141.06
2939.54
231.979
1099.09
2141.33
169.702
243.277
146.511
157.196
178.683
192.349
306.889
342.942
217.422
1286.76
280.344
350.345
350.211
215.169
3928.72
334.724
152.811
3068.14
4785.14
2775.98
139.667
173.263
5260.44
1650.85
341.309
4917.71
1996.83
936.678
1529.19
868.732
3864.72
221.127
391.838
240.578
167.929
308.281
720.406
352.872
663.055
148.234
273.173
458.215
148.614
569.613
292.791
177.509
153.435
170.011
323.171
573.562
5774.47
260.929
141.343
423.332
938.276
2236.02
904.987
303.592
1713
161.613
174.955
1016.91
1460.72
557.687
571.172
357.485
262.409
229.589
4416.79
417.39
172.677
167.074
177.843
1964.76
216.097
3365.12
172.805
266.708
2987.61
1169.83
293.687
354.947
1465.08
823.183
2797.65
142.912
577.039
509.399
3593.32
688.89
329.881
1363.06
271.13
2884.07
406.877
242.325
4999.74
338.033
226.916
235.278
2404.05
2993.65
5097.63
237.393
1740.36
511.564
195.894
188.496
163.715
1506.57
269.628
1227.49
535.283
2517.87
180.452
1122.94
505.813
337.44
1847.5
190.466
558.87
1890.24
364.498
143.85
598.004
511.179
168.344
174.675
2462.66
573.347
440.092
369.356
665.691
1684.24
295.033
154.238
201.76
355.094
5442.74
252.392
206.681
430.23
2071.69
446.531
234.006
173.64
672.666
156.114
845.333
260.476
211.68
969.284
172.28
172.934
472.926
195.769
142.834
317.188
1554.46
192.707
228.254
4844.68
4058.6
171.648
1820.84
5088.65
235.873
445.079
207.524
856.376
622.373
1561.77
147.63
157.628
971.42
2380.36
2554.9
368.164
313.354
160.962
4801.02
233.907
2276.46
167.729
517.586
5344.87
336.781
182.416
245.606
399.787
151.244
186.91
203.908
1548.67
886.911
263.219
241.972
390.364
4639.2
1917.55
6735.16
745.082
385.926
458.142
649.517
164.763
1081.73
201.715
442.891
410.545
149.851
351.3
282.279
6084.76
245.551
163.656
599.465
3014.27
336.345
2505.6
271.484
361.468
1233.43
241.52
188.929
177.083
151.869
247.199
213.493
193.116
166.182
704.66
202.409
313.242
247.142
168.588
195.185
162.347
845.012
3998.7
493.774
158.911
1146.76
180.917
6987.66
341.415
142.777
1823.45
149.674
708.101
1214.58
883.406
581.588
343.061
249.272
219.481
213.106
882.572
732.919
825.556
6871.95
721.036
139.762
338.369
400.716
543.985
511.668
161.739
228.492
349.032
6520.25
1914.9
1442.32
373.511
1124.38
161.197
189.242
718.178
645.447
197.886
390.663
155.534
182.566
160.741
5370.31
320.452
387.018
1619.14
446.852
1133.59
177.59
202.045
994.716
520.719
163.949
5353.49
238.216
234.616
227.973
287.778
240.238
192.004
2343.33
844.14
3242.79
165.441
927.897
181.375
218.84
685.484
2815.5
206.754
3968.44
848.992
172.557
249.142
319.985
2756.82
909.741
550.014
194.309
173.907
460.115
153.884
690.128
263.391
196.825
193.019
157.185
153.845
1677.66
187.448
596.307
419.21
1746.35
3297.62
1744.47
6905.92
3058.17
6972.86
1014.36
245.356
156.128
396.151
140.186
799.351
175.112
165.856
195.522
213.815
237.543
1810.68
1384.1
522.333
4038.33
303.869
287.852
1323.68
228.444
227.257
193.689
971.776
461.716
458.597
159.326
1370.38
2657.1
403.556
522.097
224.435
663.932
249.505
305.605
341.38
179.985
978.632
3513.37
435.187
189.627
171.299
1810.81
561.532
276.026
5002.06
1120.31
271.797
1224.25
235.279
327.312
726.487
345.178
556.133
333.277
214.692
221.819
295.224
378.588
579.018
837.518
300.613
522.823
898.323
166.751
416.296
514.667
1549.77
317.8
3336.59
170.962
349.713
409.271
392.957
2561.67
441.378
2442.65
184.248
172.109
462.211
544.439
177.995
226.15
516.867
304.554
432.258
702.861
1106.04
1872.84
276.332
193.782
192.697
232.172
273.345
4610.12
1035.38
172.233
560.664
164.891
167.535
199.503
3950.95
3991.87
713.608
2389.74
5852.74
1302.92
2338.62
204.75
197.22
170.422
568.946
435.92
257.679
220.841
3712.48
1003.17
794.727
338.128
204.216
786.625
3596.29
3963.04
196.198
293.137
187.515
458.527
545.733
3492.91
151.1
303.033
4302.73
3482.96
3658.26
3364.01
612.133
218.133
142.128
271.904
468.15
336.484
345.523
1028.68
3100.57
1515.82
192.26
936.031
458.386
1931.3
294.204
480.132
3892.13
201.262
167.755
6871.22
161.049
2279.24
2066.3
1066.79
145.868
165.942
553.522
440.523
244.687
1098.68
904.135
4562.22
188.994
1998.16
466.665
3669.11
229.042
263.466
5286.56
876.898
984.522
385.895
502.71
6875.63
400.115
2242.98
353.831
646.185
4799.22
171.234
217.063
2028.95
277.401
5223.48
571.335
3229.11
263.305
860.037
5167.02
2144.69
181.319
321.845
780.334
245.08
298.735
230.624
3448.31
415.442
683.815
378.934
693.973
204.613
959.204
484.773
204.619
166.895
200.474
206.37
145.992
1924.32
179.716
610.778
229.651
464.988
355.218
426.016
239.436
1115.26
1043.61
202.529
3724.44
242.573
243.038
207.524
154.155
479.741
3514.63
2797.81
4649.71
548.319
3928.93
172.406
204.284
286.036
226.937
1330.93
469.833
6950.41
176.977
215.868
496.418
1428.63
669.74
2788.34
815.544
229.493
242.116
1514.12
307.895
158.501
269.747
327.901
1363.86
199.487
157.587
813.954
204.331
581.034
262.77
220.611
354.511
223.534
1105.05
288.529
1390.92
181.731
562.882
196.233
268.313
233.549
177.982
445.37
194.262
184.058
179.091
1674.74
167.543
1730.47
933.567
612.038
145.543
416.765
212.167
3225.02
2548.04
1940.23
696.608
173.732
5741.21
960.207
474.302
722.51
660.827
821.964
276.462
193.664
2171.61
221.376
358.029
295.603
204.75
3428.13
609.846
1276.45
1526.16
379.161
3756.79
289.087
145.683
1047.25
151.537
271.532
202.475
189.989
636.469
155.109
250.575
242.491
249.974
1283.3
1560.07
275.369
209.38
280.541
164.966
230.283
383.257
2678.77
161.054
216.125
2972.43
1671.49
243.424
164.514
143.632
144.372
3649
423.81
150.455
950.599
4103.2
157.859
4816.12
150.775
173.44
1229.03
1010.79
142.118
193.576
148.837
227.742
212.069
171.205
199.027
153.725
353.228
3019.27
232.205
951.144
2471.41
3454.61
163.491
261.87
695.366
238.298
158.816
1354.13
174.419
4110.41
444.239
1477.22
348.935
328.648
430.6
140.131
4898.68
3051.46
224.354
147.748
155.537
308.268
219.691
976.61
441.733
512.825
432.755
2842.52
165.237
218.492
398.745
4650.42
318.434
235.676
2988.93
959.822
408.755
3875.99
566.12
188.192
5926.7
2601.43
177.742
166.476
142.358
593.605
210.172
416.161
196.036
192.751
158.315
455.772
225.782
292.848
516.755
834.145
1706.95
249.09
200.117
376.91
160.156
1633.48
176.884
2251.55
248.765
518.824
2238.94
407.311
369.52
294.457
508.351
321.394
324.506
1626.25
188.46
705.769
312.496
574.762
401.212
1401.61
782.284
375.046
237.123
155.659
850.886
244.245
388.785
214.311
145.71
234.975
2281.46
426.836
169.6
3576.15
325.275
3323.58
169.558
3759.47
555.912
165.803
1404.58
1058.17
4797.28
875.283
381.457
1165.05
2111.47
148.001
243.259
954.208
250.506
310.868
5708.26
252.687
520.437
297
281.793
198.23
190.171
229.591
336.594
214.457
281.72
3747.7
2398.39
178.665
681.375
598.293
1241.12
2983.5
227.422
155.375
171.118
3934.68
471.451
786.289
163.793
191.557
1301.09
464.679
1878.91
610.91
187.866
5726.43
203.297
788.765
245.897
968.609
1802.29
4909.32
474.653
417.112
194.738
237.195
597.237
279.762
1942.19
2639.97
247.374
557.153
405.749
1635.34
151.459
349.989
1248.73
236.066
440.912
2030.75
241.81
694.315
1024.27
160.318
623.484
151.007
841.653
144.736
1688.83
201.465
200.262
274.197
762.002
771.279
184.999
249.95
4405.02
924.848
166.86
1278.26
837.466
216.761
257.216
159.915
1220.68
712.062
146.497
3577.87
210.449
442.391
1165.64
474.04
336.793
232.39
818.735
149.644
171.744
193.059
1607.74
838.896
487.542
602.841
708.595
448.023
1923.53
3040.6
233.709
151.982
192.905
904.976
1129.44
398.034
2249.37
500.475
509.373
586.695
1264.45
176.756
304.222
5562.63
3957.41
231.463
372.002
211.904
285.879
676.138
563.941
180.047
765.411
1812.56
2690.54
1191.68
143.816
274.862
142.33
267.296
468.985
681.525
2083.37
400.847
1829.67
158.227
6360.42
2787.83
188.447
197.678
432.907
235.983
3072.15
609.511
183.746
344.848
4220.58
5282.52
2194.19
227.659
1913.62
726.225
159.822
534.36
659.09
195.904
258.063
1238.06
6612.31
330.75
443.992
459.1
196.061
228.435
329.625
753.121
220.141
551.586
840.579
232.391
3964.75
457.029
323.844
154.818
1179.17
340.754
336.126
158.157
951.364
238.168
249.306
215.248
387.168
5412.43
410.714
497.125
1794.47
352.292
1491.19
502.507
527.437
188.294
150.523
331.16
232.061
499.036
223.977
391.363
147.923
182.731
2360.99
371.216
265.523
273.167
1659.28
203.921
159.961
171.203
695.597
937.085
156.298
222.505
5597.75
877.746
163.859
163.779
152.209
150.726
1931.77
371.785
4061.21
288.049
375.479
150.754
144.854
1723.52
228.013
1684.92
167.224
644.218
4832.92
146.029
3693.67
199.252
1642.99
392.828
170.399
167.706
237.23
3267.25
1851.44
789.922
284.632
165.821
640.65
890.651
3264.65
311.191
829.136
1767.09
168.764
235.318
721.064
2271.13
169.584
313.048
2643.42
223.519
331.905
282.552
151.939
1942.85
5159.01
1673.12
381.817
162.672
879.091
1459.97
200.082
193.345
777.795
279.413
159.197
424.627
413.979
676.128
272.773
2425
2951.85
140.936
331.683
401.195
893.946
2359.26
5239.13
192.884
434.073
519.766
231.396
210.312
268.61
160.831
316.097
778.014
6567.32
2110.49
446.917
218.247
1757.31
793.526
370.615
369.369
1886.06
303.027
425.134
307.305
935.939
2435.14
233.719
309.248
549.702
1834.7
839.456
1938.53
252.334
1108.01
196.729
274.82
2173.03
994.413
502.145
727.8
179.813
5353.9
187.164
600.334
241.385
521.326
2607.28
2714.85
677.562
160.546
1428.89
166.747
655.95
2384.44
2517.92
236.158
254.063
919.848
145.14
4869.86
594.143
540.894
5461.25
2647.17
499.636
477.668
859.792
156.113
168.569
993.27
385.144
250.123
269.643
4942.28
5858.73
326.917
218.295
280.565
206.979
196.419
268.053
190.297
505.569
1317.78
1416.87
268.632
2021.01
241.917
263.412
913.804
393.764
807.137
147.225
614.524
656.766
559.936
1533.35
201.067
151.359
215.22
203.769
2611.88
1664.76
154.259
680.511
2232.49
2860.37
545.186
208.594
624.085
3237.48
346.991
320.052
576.497
307.312
169.254
1081.41
316.062
183.849
296.677
213.973
263.207
790.044
166.826
199.927
311.08
467.687
155.417
189.791
366.876
156.71
279.732
348.744
151.798
347.227
206.538
2948.93
328.111
145.095
795.685
174.296
717.052
179.403
2088.92
994.91
739.67
1852.32
2689.16
1616.87
273.67
202.347
171.759
5171.79
1116.22
181.273
825.439
157.601
1385.45
169.025
170.809
166.088
2824.52
196.492
553.561
236.385
1060.42
841.459
183.769
2253.46
198.477
180.279
209.419
319.497
238.287
917.068
335.933
3183.89
160.745
2382.69
1732.68
164.337
339.438
400.73
316.031
229.123
3156.54
270.725
540.011
558.17
364.004
1426.85
1006.49
2135.8
146.184
166.388
268.728
238.762
436.062
598.285
264.645
204.504
369.373
255.624
221.09
1609.06
1749.27
560.743
608.078
1968.16
565.809
354.031
1348.37
590.395
5199.77
502.916
638.793
157.802
235.273
284.047
511.086
2018.9
218.255
3757.11
208.89
5128.65
380.403
217.283
171.706
173.165
177.472
204.874
1068.66
1181.96
4614.2
268.377
526.92
142.365
918.504
5415.05
1906.05
179.606
3734.73
2880.49
1403.32
185.195
251.384
2059.11
148.56
360.531
1226.75
267.39
1322.55
190.762
3856.54
624.256
247.456
266.805
213.8
592.938
286.268
219.926
216.249
226.309
1984.72
3046.34
182.357
799.89
286.271
169.987
218.069
568.397
155.706
152.393
4569.52
258.553
163.22
182.062
271.271
161.876
147.383
464.12
298.294
639.146
392.955
180.076
1424.47
362.256
212.402
212.824
193.838
146.123
2209.52
155.091
3870.02
304.683
237.792
809.081
611.879
276.228
196.611
482.93
1219.59
577.495
1168.33
5621.28
326.149
347.913
1401.85
451.708
1109.27
1355.53
279.438
1345.09
272.379
165.696
251.201
1321.61
879.31
6529.08
155.7
236.448
2519.8
2068.98
1054.43
768.778
4980.33
216.852
185.055
182.346
145.81
361.861
237.474
1663.6
483.048
4333.38
3691.73
184.361
3173.3
553.739
289.502
589.909
143.275
198.861
253.485
494.82
3489.54
255.123
162.03
211.968
592.788
538.641
2879.77
1299.69
161.045
4832.6
3272.61
588.164
154.64
821.901
6381.26
221.717
487.142
255.519
383.351
347.119
302.643
6796.47
1274.11
385.632
502.584
208.591
416.179
389.758
154.767
2617.28
462.237
337.98
213.087
682.112
1473.77
932.16
345.195
726.602
310.535
2755.8
1642.28
530.064
1651.87
254.509
212.004
2702.34
181.06
249.598
211.381
500.568
191.09
738.749
352.468
163.552
579.32
420.194
198.722
380.772
568.438
175.598
492.742
489.728
186.99
2355.22
398.211
1227.65
152.418
713.16
188.395
620.375
938.11
1080.4
373.526
180.126
5330.81
249.139
365.401
361.786
1048.32
148.434
254.095
980.908
261.997
817.423
442.231
1320.57
1958.04
626.829
174.566
411.927
1512.06
537.234
195.501
166.986
1439.12
588.178
251.909
4429.82
1550.36
245.824
537.878
4972.26
178.331
4489.76
284.479
1107.72
222.771
143.971
205.987
210.864
1064.84
654.182
2546.13
446.157
198.362
170.149
152.819
617.394
263.06
824.828
1595.66
1616.63
259.967
559.025
188.877
469.214
848.634
709.973
285.451
572.157
1944.56
2193.75
1560.39
486.722
2759
1114.15
464.378
145.886
3571.1
2843.03
374.558
2937.99
3192.49
1050.05
160.381
546.775
1102.27
490.582
3946.28
1580.42
151.358
648.497
3404.34
273.376
196.233
7140.39
341.807
292.9
350.445
647.515
266.052
466.348
368.394
448.472
500.728
200.923
1104.79
748.995
3066.73
328.625
183.371
2371.28
172.978
2590.41
144.472
263.993
5981.71
1308.86
436.719
208.42
141.242
866.552
597.779
227.589
1688.34
5430.16
4125.2
4900.06
1517.88
331.732
467.492
900.017
257.343
1208.91
2111.01
174.109
168.517
894.883
173.568
229.356
668.48
4685.09
209.263
181.257
1000.89
156.62
162.311
1616.1
1171.37
155.421
491.755
1543.7
486.993
2876.67
226.758
1765.04
252.538
935.878
187.696
532.086
346.846
2459.32
2552.01
1430.78
3423.25
296
776.248
442.55
2415.73
305.408
1079.6
162.21
372.208
195.482
6475.15
3087.01
463.114
162.59
1988.18
2738.23
1229.44
511.388
177.239
155.208
4159.36
1591.58
2547.5
706.297
229.979
198.201
3691.59
321.865
1521.96
441.039
377.812
171.633
2487.26
214.083
171.77
390.226
682.038
1101.6
289.433
231.147
464.574
592.149
5450.49
149.418
790.187
164.636
1537.93
223.609
1593.49
181.295
225.75
1784.83
752.248
3703.82
357.635
687.68
232.921
3684.46
2589.89
706.814
1080.77
552.776
273.041
4508.59
147.409
728.729
655.956
670.995
825.679
146.286
179.087
256.592
4347.3
163.659
1387.87
222.787
298.936
1460.49
142.722
151.174
1860.43
179.923
171.76
224.95
1903.67
183.741
173.042
237.132
3812.04
1412.51
1897.65
324.906
972.121
3772.35
3253.62
389.63
262.631
7205.02
190.931
150.622
1513.98
609.6
1572.91
2418.24
2201.75
177.061
197.12
700.528
181.127
252.333
206.755
404.483
294.33
328.162
2722.6
4346.73
196.597
228.638
3984.11
314.827
257.42
737.891
147.332
1597.08
324.766
908.396
180.525
297.626
300.039
7169.13
599.29
360.405
215.953
364.201
584.032
511.613
529.52
236.785
239.9
359.711
373.86
223.597
226.384
236.385
386.099
762.376
204.383
715.709
278.201
228.523
169.286
1039.95
2884.73
6462.49
535.111
302.218
153.835
146.106
5149.52
2634.21
3583.52
157.709
5382.27
465.667
5820.73
754.759
1354.38
354.845
1072.47
206.268
662.288
285.297
265.071
220.514
206.569
405.848
377.097
532.589
186.358
245.892
452.14
514.96
582.01
365.445
147.666
1556.93
1440.74
2070.93
2690.68
949.97
198.82
302.477
3762.55
2582.48
2139.08
806.191
516.43
193.244
668.21
829.816
326.32
204.815
3262.76
5847.54
200.341
1351.67
144.666
602.699
4928.66
153.627
170.258
259.964
202.146
393.43
246.059
5161.75
415.869
174.073
238.099
314.349
1603.55
406.353
354.505
150.024
149.27
204.644
247.663
5149.55
310.428
1524.57
961.159
3513.8
219.565
378.421
532.002
170.757
156.752
199.099
914.738
215.935
2625.31
707.577
191.161
358.229
4246.61
912.471
3215.6
420.504
2131.26
6430.8
469.838
543.747
1475.42
162.987
777.296
234.366
346.264
3376.03
388.05
205.056
220.927
298.463
211.722
544.955
491.109
716.57
380.816
1686.51
914.802
2228.76
268.474
203.386
765.413
5718.55
627.24
174.309
368.294
278.298
181.33
376.285
319.348
740.715
143.599
162.172
251.584
144.612
524.46
400.174
1261.04
163.936
223.644
339.344
274.29
185.092
195.663
4526.45
6109.28
777.141
207.945
5301.25
202.51
332.774
1074.3
267.598
246.844
316.632
211.746
4157.09
1647.4
175.375
6088.86
771.896
191.897
612.449
874.924
1230.43
160.274
1456.38
266.903
510.196
171.142
916.957
438.565
223.701
1814.68
225.262
2509.59
302.764
2995.75
188.262
191.022
310.999
1355.73
994.875
159.921
1112.83
745.142
151.812
153.933
180.746
149.43
159.772
559.993
305.432
153.401
677.417
738.428
4432.46
780.11
608.099
2008.68
1442.31
443.639
2996.77
143.718
267.724
2332.83
269.82
1453.86
4270.43
576.032
349.844
819.402
240.088
379.79
740.344
164.454
410.125
395.693
158.652
592.505
190.576
1130.68
6525.71
3078.37
628.428
324.952
378.751
1328.72
4076.02
160.411
3552.81
142.841
202.439
716.108
5901.41
399.866
473.722
223.899
447.416
174.469
2613.1
175.618
1163.1
201.956
832.367
168.971
270.595
3489.46
611.406
646.787
810.661
177.25
1199.3
746.386
161.658
573.499
1438.39
7330.65
209.989
194.958
228.637
158.647
532.194
1759.29
951.19
207.834
522.265
4443.18
4235.59
254.414
178.639
2730.82
166.106
576.101
223.812
215.603
241.137
207.61
792.635
1697.38
3350.24
304.155
398.318
211.318
309.48
371.973
361.206
1759.19
3214.06
4022.74
2549.19
194.067
279.053
3416.58
194.741
152.151
431.475
202.119
337.671
568.982
157.581
4507.9
267.288
155.563
235.895
204.831
503.791
255.504
651.144
287.463
169.962
171.052
771.332
164.535
202.65
200.235
1760.97
153.911
236.758
2037.23
156.418
158.548
344.512
152.225
156.512
154.177
487.375
625.738
173.723
709.426
159.451
2324.95
1303.98
218.19
4226.89
258.923
204.978
599.42
1935.99
587.625
148.414
543.457
168.733
231.684
475.726
487.588
956.629
218.438
316.436
1259.16
2408.58
218.011
347.296
222.469
210.472
3589.6
839.616
3419.95
340.742
204.234
323.473
190.317
177.876
188.274
167.379
228.422
148.253
150.776
170.358
960.656
184.42
165.154
206.884
218.743
347.14
4238.26
212.742
602.289
186.549
192.556
598.718
2451.31
149.203
480.433
539.225
3083.32
410.247
156.578
5289.24
225.629
150.817
167.636
308.565
2788.61
1357.63
2336.57
169.739
181.136
2345.55
263.534
3604.21
168.997
255.011
182.454
2513.37
170.828
188.066
258.212
2481.97
275.234
162.408
218.111
878.05
150.642
162.432
2895.31
1780.42
163.065
1566.72
1791.87
675.759
172.505
195.832
268.69
531.882
1003.78
387.241
3564.65
714.416
1121.2
3786.06
216.2
190.295
188.791
701.289
483.432
201.91
374.094
780.816
165.971
195.461
571.173
1077.74
1053.86
346.969
184.056
685.111
283.292
152.555
1407.21
806.489
151.593
5610.77
280.255
238.037
419.167
721.049
1246.13
930.404
164.021
314.651
481.824
270.671
1377.87
182.569
192.292
345.602
3704.45
209.02
361.998
2138.97
724.497
303.191
1594.42
260.763
1970.78
169.891
262.033
197.086
311.258
207.095
389.929
384.05
4388.76
213.531
2927.08
690.56
1314.58
147.819
153.468
243.741
2708.19
770.64
313.329
1427.25
336.436
424.463
1426.62
268.539
206.936
424.714
199.162
2012.64
253.703
175.917
326.013
287.826
1040.43
234.996
181.138
2352.41
213.391
790.866
426.665
273.232
1619.7
5042.4
2588.89
1304.64
334.912
1132.66
3427.18
1251.38
1348.26
292.1
1800.43
1169.27
928.974
2778.48
1963.27
671.132
298.751
419.65
2361.8
2021.46
151.473
208.109
824.305
259.029
186.153
202.16
1547.5
249.098
164.336
235.03
217.854
1817.7
2974.9
754.311
1324.26
1401.32
155.829
378.198
146.533
644.06
687.587
181.447
2368.29
405.639
172.265
148.502
213.44
320.845
204.952
363.256
681.875
417.787
5989.72
267.682
3066.81
765.584
156.331
2470.37
476.461
201.773
197.455
3578
218.515
1128.58
2556.19
3830.27
3318.01
148.757
248.038
218.611
170.744
226.326
146.876
2496.12
5691.97
770.451
468.927
392.694
1019.34
253.519
2093.91
202.552
3453.7
161.438
214.84
5313.01
868.118
429.805
332.564
929.673
450.491
157.114
253.719
387.588
446.617
1870.2
155.598
190.905
216.415
417.627
273.261
186.587
2102.12
475.486
190.252
182.024
1288.69
520.092
237.108
204.708
3205.79
922.077
528.889
381.632
206.527
378.214
450.266
6707.06
150.27
160.153
1593.26
203.646
146.984
4916.79
398.931
154.974
219.727
206.494
202.93
2229.21
232.17
180.293
164.819
1656.72
230.081
268.572
218.332
152.712
372.754
265.116
329.574
3130.08
167.103
610.512
172.694
554.869
262.077
154.919
286.954
281.29
857.785
218.733
201.627
647.76
152.479
147.312
192.054
4314.21
278.173
4903.73
3218.44
226.548
195.883
174.695
3427.72
837.281
462.978
158.639
247.583
778.517
187.52
375.678
223.676
310.922
161.95
590.595
931.216
210.829
1859.8
306.106
224.101
147.485
364.321
244.301
855.463
3509.88
380.846
1052.06
1974.72
502.239
434.886
191.911
182.212
195.565
750.436
2630.74
527.083
208.264
240.905
2233.81
151.67
273.899
317.484
181.941
211.167
314.748
484.107
230.215
2150.71
188.333
241.877
171.54
612.521
1839.42
434.257
383.7
282.272
181.324
205.888
806.664
174.96
3797.08
1327.56
608.954
256.96
1653.72
1234.53
269.066
151.18
143.021
1019.42
362.52
428.985
559.058
180.876
193.701
346.656
604.343
284.401
505.101
2197.16
3714.75
186.943
190.887
152.351
2113.74
4601.27
166.634
713.168
156.398
4075.98
2354.64
344.401
224.868
486.453
390.819
171.506
176.387
154.376
372.658
535.113
4009.32
4498.91
1305.67
166.418
1145.32
391.338
2059.93
236.376
824.968
153.002
348.986
238.442
264.587
173.502
558.476
175.973
5302.71
212.686
779.118
324.07
257.897
373.947
184.794
1393.24
3275.08
162.71
172.879
707.972
695.906
922.504
190.084
674.003
2015.03
800.392
149.41
401.249
169.531
352.722
168.877
3245.56
218.725
277.177
564.181
287.928
309.583
4052.46
2300.72
393.042
150.477
530.256
5973.42
396.77
641.94
838.537
229.412
428.981
336.221
153.315
215.955
220.115
569.657
229.607
218.244
329.588
1060.29
191.887
162.894
1589.59
979.757
268.566
315.223
224.974
1697.4
379.142
4356.84
326.333
724.675
160.826
151.948
447.492
651.955
603.188
454.776
256.544
3293.47
167.514
182.051
239.096
321.126
553.937
193.48
2202.83
3737.91
3143.79
1305.95
3612.39
149.893
1384.03
268.604
330.502
517.793
316.445
140.537
986.106
214.972
4004.89
747.454
318.445
588.45
829.951
680.741
155.62
173.407
158.661
2219.38
557.745
323.961
1259.87
178.607
163.124
313.283
317.284
251.506
445.436
253.617
2184.23
251.332
206.926
5623.87
5600.26
157.813
220.418
191.152
660.74
348.252
164.15
174.183
943.294
191.028
505.77
184.019
167.038
2610.7
230.205
1182.84
191.638
176.092
270.693
253.792
1945.8
444.935
2144.35
368.756
220.892
197.679
181.466
435.5
232.228
270.093
628.178
2042.81
245.896
186.299
3465.16
1263.44
231.345
210.142
146.389
227.24
643.974
153.621
473.57
189.322
167.161
455.071
175.555
305.821
359.713
5486.07
195.022
2828.96
289.708
2460.04
812.284
371.93
445.433
248.09
172.267
478.779
289.861
439.515
182.177
189.849
2149.36
1654.48
1806.73
329.289
1732.36
1071.37
188.466
215.969
1092.82
925.162
188.672
1305.01
155.716
159.203
145.777
278.605
205.528
234.807
183.166
271.639
321.78
1135.54
4734.17
317.351
216.108
652.549
270.716
543.095
3988.54
2479.43
166.276
887.204
195.286
2153.56
197.924
171.702
262.826
199.8
188.418
4045.91
1154.38
650.348
1732.8
1548.65
151.94
696.734
271.242
2678.12
660.011
176.42
713.01
3459.19
4776.58
151.924
171.379
452.586
586.329
806.059
242.321
180.27
2849.52
320.751
7591.14
4906.31
144.617
2805.67
259.205
251.511
2543.61
537.229
250.033
401.21
794.768
4227.95
270.359
1217.59
254.159
2685.05
904.779
995.979
143.342
2236.77
197.97
165.494
2876.61
2630.37
4617.65
217.723
806.276
140.905
199.3
149.507
204.045
5877.76
167.668
1772.28
844.043
299.108
711.006
140.717
187.013
367.73
432.633
481.06
1346.09
164.115
156.53
151.364
1746.81
145.422
151.513
215.45
5388.95
143.96
737.389
197.657
364.465
696.847
2226.72
239.447
1871.86
263.49
498.997
585.875
167.613
445.402
210.65
647.436
244.84
267.097
2357.89
213.342
190.278
197.131
232.227
176.462
405.201
175.446
1267.64
189.499
156.127
181.273
235.543
152.815
186.675
1228.37
177.664
2753.1
151.322
394.923
264.514
535.838
474.984
171.456
4158.02
396.699
593.304
244.197
3739.13
168.339
153.275
650.907
1555.99
262.063
317.171
159.163
627.578
421.924
533.928
171.338
2848.09
3369.72
788.625
192.071
181.052
4536.92
181.429
609.029
1766.86
2157.85
415.007
196.549
203.245
4465.43
297.202
541.202
370.464
189.619
470.918
176.493
3803.36
179.894
244.306
1753.12
3214.85
222.353
403.486
6185.9
246.215
613.242
4135.98
145.753
718.121
222.948
1517.94
1800.12
440.273
427.779
168.52
3537.75
259.722
303.918
2584.87
3396.4
171.021
308.612
1687.53
1258.76
1378.66
298.724
253.153
384.306
750.874
193.399
4037.63
225.999
927.257
277.313
158.295
1394.87
228.65
218.049
3263.85
748.904
224.865
1536.37
144.929
2098.31
2472.44
3841.19
151.059
169.49
3076.39
676.154
397.268
2604.11
524.195
145.432
895.526
5926.75
504.118
183.55
2078.5
323.522
262.822
505.425
163.856
142.571
179.193
186.035
769.29
152.191
224.333
4162.29
270.208
170.802
257.826
2772.36
2305.81
408.498
1905.24
683.195
205.808
728.564
182.641
3966.36
257.545
200.688
187.339
1567.32
433.285
279.141
1154.02
221.636
243.472
477.166
2843.04
449.946
140.443
2006.8
505.799
192.021
2092.95
182.849
229.759
244.954
153.578
4485.2
170.089
4211.58
3077.84
418.568
509.467
447.741
3256.19
279.282
2791.37
2393.41
175.919
2741.74
3681.79
675.917
178.759
371.846
207.992
411.247
915.918
1207.89
467.915
486.058
209.538
773.492
1139.07
322.428
284.445
595.53
1329.28
3385.65
142.56
2267.69
249.651
198.665
486.586
1395.7
3889.89
252.103
1140.36
864.662
481.026
1141.93
4155.25
3961.9
647.803
216.378
4093.85
211.699
164.01
939.564
1910.25
488.963
171.283
341.894
269.812
196.226
564.801
144.05
600.333
148.82
247.707
2281.28
350.614
6510.09
224.204
238.846
2201.76
214.537
1602.16
178.571
812.468
364.475
178.511
212.409
927.566
476.941
1220.42
143.809
2993.28
259.583
368.954
849.696
160.56
194.739
232.749
1168.58
177.509
288.848
3373.92
4643.38
2078.58
562.127
1281.47
181.38
227.415
539.656
322.809
1134.82
3388.83
266.79
165.863
169.743
191.062
3551.77
167.027
267.819
476.135
903.861
182.438
5684.02
377.677
194.628
2146.04
2148.63
739.478
226.425
327.782
566.382
191.44
146.527
144.662
2828.98
240.315
3256.35
2587.78
4111.92
486.151
196.761
181.703
5975.43
293.177
171.904
175.396
1886.98
503.089
157.359
1007.86
144.932
788.097
2295.77
2494.77
3578.68
6816.95
198.54
1843.31
3141.3
502.501
1500.47
293.086
167.654
349.168
197.421
1095.06
4064.39
4279.66
184.899
186.083
165.28
449.384
4501.97
237.414
163.74
177.464
188.035
344.415
6530.78
187.419
299.813
189.13
631.46
369.86
1383.58
1369.14
203.619
165.791
182.416
261.93
1797.77
312.538
227.27
1980.73
510.628
245.868
1347.6
180.36
245.224
427.976
172.911
689.952
1203.71
413.655
2964.15
344.737
6183.97
161.842
939.02
182.597
294.918
206.211
2852.31
198.014
932.882
2659.36
277.037
313.244
4443.23
258.563
324.908
960.083
2951.38
367.693
232.18
165.647
167.918
156.506
492.762
441.386
352.139
868.188
263.857
194.187
2934.01
255.839
3214.15
1815.37
2067.36
2054.02
231.655
143.362
437.336
301.567
306.461
189.812
226.142
255.474
183.025
180.807
1357
3437.03
246.006
868.644
191.709
150.478
187.99
175.741
1155.47
397.835
226.24
249.856
263.412
607.567
183.381
143.591
254.805
564.123
789.515
477.148
375.405
419.889
161.639
292.279
171.01
1360.24
528.052
3067
2476.26
271.297
160.667
640.174
595.268
306.872
1586.43
2705.35
201.602
165.641
257.483
308.997
316.088
306.796
484.102
185.468
2502.85
2819.7
198.536
320.783
3564.91
2836.8
337.445
790.94
145.308
736.805
1598.14
210.952
330.047
207.22
264.154
364.314
626.717
164.679
2394.82
312.901
257.172
794.356
1524.41
4668.26
228.644
2642.52
3955.53
147.483
1241.52
172.669
3395.37
2550.33
217.79
347.337
161.704
295.992
1344.74
168.282
4453.87
2848.48
181.479
375.328
603.343
583.316
151.825
1251.3
3400.46
314.66
161.586
183.751
222.735
189.018
283.927
152.38
159.664
2665.92
2990.56
331.172
242.759
145.229
186.062
164.782
200.393
2054.01
168.964
188.698
346.222
143.727
3775.65
146.566
270.799
263.876
206.872
756.735
292.945
2111.02
277.405
152.664
190.564
158.036
242.043
589.672
333.328
940.562
1307.51
523.162
3150.94
808.917
1934.42
670.309
168.944
856.848
336.613
1300.97
890.224
305.49
159.886
254.709
179.601
976.181
2326
234.417
173.72
1111.23
320.215
172.009
1121.55
156.682
166.478
4216.15
258.608
211.627
4289.9
181.164
201.961
3122.8
2592.91
242.897
196.027
228.064
3274.58
892.997
282.414
684.508
287.176
298.374
189.747
154.461
4752.6
142.668
273.712
200.111
242.719
147.54
399.103
546.452
1455.92
237.145
169.997
4406.53
352.823
352.061
350.122
198.753
4298.68
208.848
6260.09
152.195
207.482
210.477
145.067
1710.1
3788.94
189.428
166.124
6657.35
143.407
821.385
706.313
491.581
224.214
282.778
1303.14
182.823
190.289
150.726
752.032
428.965
202.462
199.992
309.753
464.456
741.264
175.188
214.101
204.97
2072.43
2417.29
189.25
203.644
4535.56
543.637
193.429
150.473
204.294
411.345
300.939
334.121
5829.81
258.174
2049.49
184.133
196.685
141.348
975.018
290.433
290.688
2979.78
3800.65
375.632
1177.91
486.179
665.182
397.463
263.26
188.719
630.895
435.24
163.51
325.78
3525.14
1834.87
1134.69
683.467
179.846
792.143
800.909
2026.34
1036.18
294.058
306.208
432.55
287.814
201.304
302.083
1138.12
3267.43
300.839
640.705
1069.41
297.39
162.742
237.909
1190.57
3773.47
227.003
324.878
303.872
270.857
444.634
651.01
270.246
191.643
4217.28
289.487
1594.97
330.592
241.067
155.812
5201.55
191.376
651.638
511.883
681.985
311.422
1046.42
229.301
364.947
3316.15
143.773
220.848
887.93
576.849
2287.24
2109.55
4381.43
233.159
732.676
264.494
142.497
3583.5
2098.81
432.491
170.091
396.596
1833.98
737.363
215.615
215.309
602.297
167.611
315.289
1867.76
851.079
1303.73
188
354.232
238.292
221.67
343.587
291.871
477.82
4826.93
379.161
245.281
357.969
183.045
548.821
943.542
469.4
300.316
270.655
1561.38
817.385
150.018
184.24
155.995
274.464
3731
3280.02
1028.13
1856.62
259.338
443.01
2080.59
1056.29
275.153
144.414
172.882
171.238
166.575
224.055
338.915
1739.83
233.906
217.035
572.445
409.397
953.372
192.296
199.142
2194.74
237.283
2470.16
5347.25
307.006
1291.55
218.018
2408.99
194.538
1571.31
334.146
209.407
504.606
1723.47
5933.97
173.326
2405.04
223.655
159.334
223.879
204.632
3946.9
198.493
198.018
5754.12
200.672
570.856
172.771
918.352
226.854
297.631
275.254
217.282
316.412
184.7
505.719
193.741
238.72
226.165
231.491
793.47
831.951
293.904
336.799
144.056
5021.54
280.051
217.546
142.748
179.527
151.018
2965.09
154.386
382.987
903.153
1297.2
197.481
1383.58
688.507
4207.35
785.42
254.799
3628.03
2575.77
265.517
2959.26
1129.88
532.717
3864.66
181.544
206.275
248.474
225.641
265.211
410.078
5404.28
143.153
175.631
143.382
369.511
246.962
202.503
251.119
245.767
5053.68
3928.27
569.694
157.912
1190.43
709.907
202.888
333.618
300.703
407.862
161.557
283.126
578.154
276.436
439.454
151.295
182.024
357.434
251.638
4199.68
2841.98
4698.18
648.912
185.666
439.347
920.564
542.462
208.247
3132.66
427.952
202.491
233.37
4680.68
445.721
252.527
4678.51
952.903
165.737
4313.34
5083.45
250.01
391.883
225.95
409.464
2910.68
305.785
1393.36
669.249
1120.32
244.128
2663.91
289.176
201.462
3535.11
184.964
728.556
277.614
4518.43
559.174
186.013
923.281
165.869
342.275
208.791
543.32
239.256
304.586
5999.87
1987.81
206.912
1131.67
273.733
2158.98
710.149
184.333
326.681
366.211
160.873
475.496
144.991
523.427
346.385
144.704
286.028
162.272
716.403
175.255
277.949
684.967
940.889
228.687
689.035
1234.53
571.303
1216.16
168.572
242.352
3191.14
170.416
343.244
2340.38
528.88
143.422
171.229
477.191
152.913
179.194
3992.89
252.303
157.867
3466.72
235.446
283.389
1183.65
158.155
3744.18
2207.11
157.112
589.556
142.942
250.321
355.617
270.304
140.809
1242.76
966.495
149.507
681.322
404.287
335.406
1003.04
181.887
533.299
1330.21
232.814
2670.99
637.851
817.998
424.154
415.32
207.388
258.952
190.394
1639.09
254.576
172.284
147.409
5944.14
199.129
807.935
225.557
150.082
190.729
402.013
390.695
311.949
400.44
459.336
426.87
244.564
246.924
246.855
161.913
157.842
200.489
811.961
3167.67
618.703
189.586
174.02
157.785
449.088
223.767
5178.85
271.105
492.556
191.081
240.709
278.307
242.661
376.306
152.708
547.77
176.36
5100.65
1864.01
1689.02
1643.43
350.069
201.259
381.533
3797.66
6696.84
2499.82
266.474
352.849
3944.75
201.941
246.29
159.887
189.67
243.562
418.014
965.902
1232.98
491.031
181.124
1055.56
801.595
244.336
1561.87
5723.63
3042.4
4556.47
875.464
231.227
170.904
266.521
1441.57
650.39
812.891
281.868
394.549
381.54
152.842
355.77
166.325
1150.98
444.633
252.693
221.12
384.623
369.618
227.791
959.179
616.689
205.269
197.006
150.09
859.388
257.531
350.563
160.805
182.73
1229.7
868.234
197.903
181.432
536.403
169.825
526.025
2893.74
661.365
415.674
164.549
2083.08
1108.64
174.355
251.45
3677.89
1073.71
338.398
5060.32
499.609
1505.06
323.482
297.886
935.702
413.157
2820.2
1715.68
181.751
333.065
187.648
515.875
682.635
1029.79
348.399
5024.13
1333.61
1746.99
822.962
327.877
176.779
361.649
1605.43
481.523
291.604
312.266
2475.5
321.38
392.16
1480.82
187.018
5149.42
234.664
184.089
860.389
267.568
212.934
228.883
605.449
364.605
2021.35
174.443
445.091
415.18
2455.16
190.706
154.955
354.07
957.203
150.14
282.498
2474.63
2902.62
172.315
435.025
169.536
270.128
1693.82
338.005
4064.12
145.512
580.32
2667.41
6355.91
3734.86
289.604
2934.8
822.035
225.103
216.067
184.814
155.626
1362.72
2210.65
199.699
4995.61
5533.64
162.065
5176.32
296.565
195.255
1803.46
499.374
361.799
342.679
151.777
423.149
166.42
221.457
154.371
4610.8
372.136
7060.53
1108.26
232.941
734.689
5009.02
186.779
200.602
1340.79
4004.8
250.845
1433.59
306.449
195.823
1781.57
213.179
360.696
185.463
179.167
165.603
412.946
181.787
303.168
5887.41
341.675
399.482
545.98
358.703
3282.28
586.209
167.048
312.305
172.363
1413.21
345.3
142.207
404.123
2354.59
309.14
769.075
1095.27
326.336
193.908
1731.71
2108.49
576.356
151.37
229.764
5741.66
163.799
170.426
497.644
194.694
160.484
1116.82
189.018
269.193
484.319
145.178
218.23
357.139
242.614
324.281
359.492
6476.11
244.76
1039.93
367.282
2698.65
149.315
167.613
217.442
311.858
184.104
148.301
165.793
228.312
275.377
148.724
149.295
7249.96
172.124
2273.07
159.651
236.364
190.009
4446.16
1293.51
283.76
181.732
164.108
276.517
356.054
694.224
194.371
296.809
853.17
371.729
755.999
140.861
276.915
1012.71
1716.53
306.38
344.832
348.052
1172.8
3845.79
467.946
1657.98
713.78
312.378
146.998
1733.07
544.982
388.319
707.107
2657.52
202.884
144.058
858.177
188.89
226.281
1002.55
204.043
442.042
528.848
153.767
291.182
5529.03
382.991
311.549
273.369
390.157
370.813
2197.28
1593.5
3278.13
658.525
477.556
326.212
410.758
595.053
167.688
236.521
2908.14
162.717
1627.58
251.198
399.804
462.016
5856.05
3756.69
4340.69
335.29
405.313
228.997
173.733
1210.93
4547.82
171.491
191.637
353.045
148.167
468.751
306.463
376.39
5141.49
1095.74
237.415
849.306
510.494
204.04
181.185
490.402
265.492
271.942
399.717
225.891
2476.11
163.277
157.766
250.592
1863.12
221.439
193.764
1856.42
236.255
4738.9
386.581
1960.58
926.158
487.155
181.395
180.668
197.024
585.1
144.776
262.487
327.141
182.369
150.353
951.323
376.485
276.866
161.239
1260.27
376.738
229.03
171.536
3386.41
2837.75
321.128
348.213
219.854
168.199
4014.52
622.015
198.247
211.728
4669.34
777.536
734.727
180.992
1382.45
4275.69
240.602
1745.7
143.64
405.945
242.201
268.268
3778.76
229.756
568.602
319.571
149.167
566.209
215.778
647.699
175.531
1122.77
1444.87
1903.94
350.497
290.361
497.997
317.955
641.752
2629.51
169.52
158.977
700.274
188.462
472.331
215.091
153.6
410.71
2688.48
252.538
651.391
149.237
3403.46
298.207
618.607
345.146
370.521
179.012
918.494
363.622
289.246
410.014
179.617
626.997
4328.88
1435.83
2887.43
869.76
978.733
273.185
6397.19
3773.51
208.77
515.133
193.729
227.548
479.464
366.613
303.594
191.533
253.945
827.361
1568.29
2568.58
1761.43
358.433
383.82
172.184
145.05
317.152
4943.69
208.923
973.906
2217.21
158.206
240.709
765.524
226.133
201.716
213.126
249.175
377.871
218.194
4322.88
553.077
209.295
2014.63
1125.15
4071.5
1054.8
365.496
287.315
161.855
196.153
275.792
197.546
246.992
4023.92
1688.24
307.79
1368.37
293.072
366.324
163.49
181.416
1028.24
6063.36
1464.35
148.351
508.27
215.577
239.362
955.233
197.712
423.093
2492.31
324.132
260.807
497.668
759.76
3133.28
5217.56
1423.45
175.03
187.541
239.397
4896.84
226.058
616.291
1303.92
365.674
182.873
910.777
178.305
3886.16
175.355
199.059
5762
1956.85
657.501
161.102
567.741
496.664
2378.88
190.282
156.487
281.918
666.056
168.927
6855.47
203.588
178.027
291.18
903.11
228.742
658.763
621.089
159.125
289.292
4640.78
144.641
4212.21
257.057
844.717
205.312
798.226
213.041
416.339
315.711
680.908
4579.39
151.363
182.046
370.066
616.592
2337.94
1473.66
907.862
549.757
489.487
3887.93
487.464
1264.15
155.162
159.149
275.075
171.038
188.949
190.913
1044.37
467.479
272.682
2401.14
1630.6
229.125
195.416
589.472
2994.7
2704.91
457.784
140.249
245.217
150.772
5262.68
806.022
575.86
2782.99
144.828
217.399
152.291
233.177
284.567
2941.16
797.781
586.649
5932.61
502.492
4007.85
2138.4
587.141
146.203
2456.98
3807.73
1073.15
173.089
512.865
149.173
697.744
222.841
152.571
6194.72
638.966
403.316
209.197
4437.59
472.271
252.802
958.868
210.634
324.882
414.103
4617.11
2951.25
490.602
2085.82
145.501
161.465
2500.86
2241.12
1023.17
5386
894.528
286.055
3406.07
140.871
671.812
177.816
172.694
158.252
507.82
282.347
250.381
2105.99
2931.53
496.998
1647.9
3878.15
671.339
194.794
176.194
381.204
187.153
3178.69
538.281
4895.79
146.459
157.066
1800.01
371.219
2225.82
295.327
181.791
4000.39
499.908
786.032
1532.98
229.033
157.692
471.442
314.151
301.36
296.414
331.288
160.265
383.306
244.424
184.872
5398.48
2953.71
442.819
216.417
1477.11
250.66
185.058
148.494
1607.66
1079.65
801.791
292.309
250.942
6111.34
153.754
251.003
276.427
186.452
4522.85
159.102
144.6
272.842
1572.11
250.165
157.852
1557.8
469.908
223.974
188.712
737.689
905.738
273.196
525.226
371.96
176.981
325.189
185.729
3068.61
241.954
415.853
390.996
202.1
285.18
198.776
312.026
157.655
2316.19
698.627
232.608
901.867
224.865
283.439
2396.02
487.653
169.327
168.499
150.843
171.107
364.542
396.73
227.89
147.652
143.446
2000.01
2459.07
1142.35
581.824
193.022
196.235
331.486
163.395
576.549
1173.07
202.687
1364.19
180.816
162.299
1791.36
268.391
827.414
199.988
6610.7
1146.41
771.297
1729.35
496.789
194.283
7764.43
1499.57
598.522
4165.16
3192.13
396.898
996.264
352.584
261.673
189
783.959
581.177
192.778
519.358
640.683
2930.6
1457.12
251.871
324.788
2808.32
199.432
227.965
247.393
159.844
153.371
289.233
232.963
176.165
326.459
911.761
3263.4
160.578
501.514
406.343
1172.18
830.239
174.203
322.432
1565.24
473.359
340.791
216.043
482.68
973.313
178.849
810.3
141.772
204.315
222.264
2708.95
141.325
688.174
156.753
223.52
3645.12
559.154
381.142
195.302
274.829
1170.6
339.241
1019.58
752.32
574.453
167.24
781.641
227.986
443.348
160.491
951.289
244.769
380.024
185.98
320.404
349.262
455.728
155.76
167.822
230.353
157.651
141.571
1401.14
242.974
186.84
250.91
196.544
2754.07
1147.4
374.493
181.348
318.982
5349.2
430.329
2781.91
234.345
398.205
193.133
170.244
283.398
1331.57
581.409
3875.86
711.011
1054.77
303.573
432.469
605.159
3764.18
5524.81
1183.46
2090.1
170.957
142.085
2577.3
3348.24
179.786
2090.71
4004.78
283.246
186.526
1984.05
275.373
152.458
386.452
540.269
172.913
299.15
1263.8
147.399
2088.68
333.906
204.098
390.257
5072.93
183.709
950.352
192.759
679.612
938.779
152.295
388.342
298.71
173.987
162.586
526.648
1071.59
153.604
3594.11
385.346
151.478
2563.19
1765.13
578.051
180.584
180.784
607.065
1415.16
249.698
450.946
203.209
252.36
306.522
149.794
597.589
3445.05
476.963
2643.23
4631.85
817.325
2421.03
541.121
234.938
674.512
405.371
187.585
2272.49
211.261
262.09
460.846
212.702
164.527
155.008
230.365
1866.74
3035.86
7110.27
478.025
156.888
382.534
222.193
1062.75
678.051
212.581
145.133
292.036
1900.48
3618.44
272.971
1879.79
235.293
238.618
513.079
388.92
331.903
198.369
222.632
646.084
552.805
161.643
359.015
764.046
404.563
147.917
578.022
306.743
1633.76
5275.78
1983.05
3048.97
189.523
993.573
288.67
750.507
875.297
276.237
319.123
180.114
1252.15
3197.16
189.072
5807.06
195.151
2273.98
1206.23
417.032
2141.14
2957.47
826.988
528.062
297.858
193.363
342.296
235.053
140.652
4949.92
387.229
4455.98
5116.11
1721.63
432.752
228.307
194.664
6617.46
3507.08
150.619
189.645
319.156
556.398
2603.89
403.429
231.252
2700.77
733.681
996.518
1230.41
1475.9
145.461
1005.49
3685.73
390.902
3800.56
1429
645.724
2525.36
378.31
183.678
226.314
822.948
4434.6
565.938
375
151.896
2200.18
224.972
249.851
479.119
178.44
3595.59
760.298
1325.9
1974.79
164.622
514.725
201.079
275.622
255.649
153.941
354.786
205.615
382.313
179.179
347.415
4207.1
144.839
302.753
946.185
3613.62
772.806
485.702
221.984
164.488
180.359
671.048
4497.61
705.119
207.827
155.096
3671.28
218.858
176.256
277.486
306.086
167.156
5055.24
357.146
223.419
4749.07
483.177
867.467
1255.25
415.026
1160.76
3176.84
1399.5
805.314
200.423
670.735
423.75
186.048
300.666
702.694
161.348
175.469
585.784
610.591
3239.01
151.511
182.821
219.575
387.656
178.366
4293.7
171.948
357.18
567.767
168.145
368.009
497.227
181.173
165.535
149.245
355.577
327.103
358.291
443.457
1256.68
517.278
1456.56
356.971
613.938
260.702
164.966
252.243
566.541
961.912
2621.62
554.099
4276.35
3585.55
283.588
189.713
174.885
5705.65
144.572
1812.84
368.382
210.46
177.008
172.414
6425.97
198.119
394.532
1588.22
199.811
148.372
254.691
641.755
173.516
167.788
586.423
1373.51
221.707
198.386
1166.83
575.493
255.825
512.899
341.213
3623.31
261.958
713.374
301.166
166.596
533.38
344.87
395.706
681
2972.61
4534.61
356.296
2942.65
969.262
1345.82
140.31
141.081
368.532
457.843
6431.19
429.309
2487.99
172.179
166.79
934.868
5485.5
1299.47
153.135
1227.21
1719.43
250.045
339.2
1212.97
1521.52
976.159
148.449
2362.4
329.485
182.961
159.872
190.042
163.118
203.007
792.312
949.927
197.327
4111.61
2068.16
738.689
443.385
485.926
528.589
158.917
1413.74
5908.21
277.074
208.041
310.596
3067.94
351.336
5675.36
1014.04
172.248
183.933
1175.63
1825.73
364.634
2331.1
4269.53
443.547
660.591
2706.86
3989.18
401.94
268.244
4201.92
324.366
147.063
688.358
206.777
236.721
152.607
241.814
225.722
365.616
1228.39
409.005
2105.26
3629.15
6456.94
314.667
4142.12
169.654
810.832
2998.43
490.923
449.457
407.832
4407.35
168.877
459.952
367.194
431.873
475.5
661.502
736.683
175.067
191.824
277.631
1138.97
361.326
751.251
148.596
478.685
3790.23
453.396
4750.91
194.866
161.556
181.667
1635.63
4691.6
1083.58
534.713
431.409
219.182
200.39
164.693
3316.55
157.886
1370.53
253.321
4045.28
224.453
325.323
436.397
1187.11
177.053
4424.61
329.321
215.194
272.606
583.98
164.73
234.629
307.593
2810.23
191.702
562.531
237.396
171.329
192.921
273.056
1641.4
887.191
375.232
557.424
3292.71
488.019
536.426
580.02
191.846
166.341
268.832
659.282
245.817
312.434
290.948
838.962
274.833
2308.41
473.381
245.885
3759.5
2102.12
1762.04
197.08
1194.83
3270.94
173.428
174.18
152.572
2078.03
277.63
699.224
1226.43
198.266
151.809
148.871
143.989
151.453
244.196
326.469
211.512
1336.27
157.459
154.73
259.934
548.935
1266.68
511.295
166.59
429.103
2015.55
202.478
2138.89
387.585
197.778
827.411
4493.78
472.272
292.631
152.924
231.265
1945.51
2278.86
214.682
230.765
3487.99
173.851
471.325
822.398
2555.2
264.619
469.254
932.47
7264.68
406.692
141.061
614.936
169.317
154.14
618.178
231.716
855.908
2038.25
147.646
624.719
2736.42
244.39
225.975
2284.13
252.447
197.986
238.822
2044.61
5282.83
4047.34
948.803
2678.73
196.083
164.943
244.18
248.136
1285.49
2734.05
192.243
236.665
300.754
220.624
6150.05
542.085
887.427
1452.53
471.37
231.737
197.411
186.465
170.054
5231.63
313.657
6513.56
165.873
182.666
658.852
336.322
157.66
1672.75
605.712
5909.66
516.329
180.318
631.789
4122.05
344.046
811.822
853.364
4998.65
1757.77
1541.08
584.01
375.169
174.459
4631.06
170.074
381.884
303.602
2173.61
181.014
194.21
3921.12
174.827
155.55
3381.85
726.427
844.337
231.639
195.989
790.394
777.645
1048.76
722.559
193.547
228.782
575.474
146.181
312.441
