#      mass     spc fnc
 3.8500e-01  0.0000e+00
 3.9000e-01  2.7456e-04
 3.9500e-01  6.4680e-04
 4.0000e-01  9.8185e-04
 4.0500e-01  1.2813e-03
 4.1000e-01  1.5466e-03
 4.1500e-01  1.7793e-03
 4.2000e-01  1.9811e-03
 4.2500e-01  2.1533e-03
 4.3000e-01  2.2977e-03
 4.3500e-01  2.4157e-03
 4.4000e-01  2.5088e-03
 4.4500e-01  2.5787e-03
 4.5000e-01  2.6268e-03
 4.5500e-01  2.6547e-03
 4.6000e-01  2.6640e-03
 4.6500e-01  2.6562e-03
 4.7000e-01  2.6328e-03
 4.7500e-01  2.5954e-03
 4.8000e-01  2.5455e-03
 4.8500e-01  2.4847e-03
 4.9000e-01  2.4145e-03
 4.9500e-01  2.3365e-03
 5.0000e-01  2.2521e-03
 5.0500e-01  2.1631e-03
 5.1000e-01  2.0708e-03
 5.1500e-01  1.9769e-03
 5.2000e-01  1.8829e-03
 5.2500e-01  1.7903e-03
 5.3000e-01  1.7006e-03
 5.3500e-01  1.6155e-03
 5.4000e-01  1.5365e-03
 5.4500e-01  1.4651e-03
 5.5000e-01  1.4028e-03
 5.5500e-01  1.3512e-03
 5.6000e-01  1.3119e-03
 5.6500e-01  1.2864e-03
 5.7000e-01  1.2762e-03
 5.7500e-01  1.2829e-03
 5.8000e-01  1.3081e-03
 5.8500e-01  1.3531e-03
 5.9000e-01  1.4198e-03
 5.9500e-01  1.5094e-03
 6.0000e-01  1.6237e-03
 6.0500e-01  1.7642e-03
 6.1000e-01  1.9323e-03
 6.1500e-01  2.1297e-03
 6.2000e-01  2.3578e-03
 6.2500e-01  2.6183e-03
 6.3000e-01  2.9127e-03
 6.3500e-01  3.2423e-03
 6.4000e-01  3.6075e-03
 6.4500e-01  4.0087e-03
 6.5000e-01  4.4460e-03
 6.5500e-01  4.9196e-03
 6.6000e-01  5.4298e-03
 6.6500e-01  5.9768e-03
 6.7000e-01  6.5608e-03
 6.7500e-01  7.1820e-03
 6.8000e-01  7.8406e-03
 6.8500e-01  8.5370e-03
 6.9000e-01  9.2719e-03
 6.9500e-01  1.0046e-02
 7.0000e-01  1.0861e-02
 7.0500e-01  1.1716e-02
 7.1000e-01  1.2613e-02
 7.1500e-01  1.3553e-02
 7.2000e-01  1.4537e-02
 7.2500e-01  1.5565e-02
 7.3000e-01  1.6638e-02
 7.3500e-01  1.7761e-02
 7.4000e-01  1.8954e-02
 7.4500e-01  2.0243e-02
 7.5000e-01  2.1652e-02
 7.5500e-01  2.3206e-02
 7.6000e-01  2.4930e-02
 7.6500e-01  2.6849e-02
 7.7000e-01  2.8988e-02
 7.7500e-01  3.1372e-02
 7.8000e-01  3.4026e-02
 7.8500e-01  3.6972e-02
 7.9000e-01  4.0223e-02
 7.9500e-01  4.3788e-02
 8.0000e-01  4.7676e-02
 8.0500e-01  5.1895e-02
 8.1000e-01  5.6456e-02
 8.1500e-01  6.1368e-02
 8.2000e-01  6.6639e-02
 8.2500e-01  7.2279e-02
 8.3000e-01  7.8297e-02
 8.3500e-01  8.4714e-02
 8.4000e-01  9.1608e-02
 8.4500e-01  9.9068e-02
 8.5000e-01  1.0718e-01
 8.5500e-01  1.1605e-01
 8.6000e-01  1.2576e-01
 8.6500e-01  1.3639e-01
 8.7000e-01  1.4805e-01
 8.7500e-01  1.6082e-01
 8.8000e-01  1.7480e-01
 8.8500e-01  1.9003e-01
 8.9000e-01  2.0645e-01
 8.9500e-01  2.2391e-01
 9.0000e-01  2.4229e-01
 9.0500e-01  2.6147e-01
 9.1000e-01  2.8131e-01
 9.1500e-01  3.0170e-01
 9.2000e-01  3.2251e-01
 9.2500e-01  3.4361e-01
 9.3000e-01  3.6486e-01
 9.3500e-01  3.8618e-01
 9.4000e-01  4.0750e-01
 9.4500e-01  4.2883e-01
 9.5000e-01  4.5013e-01
 9.5500e-01  4.7139e-01
 9.6000e-01  4.9259e-01
 9.6500e-01  5.1372e-01
 9.7000e-01  5.3475e-01
 9.7500e-01  5.5568e-01
 9.8000e-01  5.7646e-01
 9.8500e-01  5.9710e-01
 9.9000e-01  6.1752e-01
 9.9500e-01  6.3767e-01
 1.0000e+00  6.5748e-01
 1.0050e+00  6.7688e-01
 1.0100e+00  6.9583e-01
 1.0150e+00  7.1425e-01
 1.0200e+00  7.3207e-01
 1.0250e+00  7.4924e-01
 1.0300e+00  7.6570e-01
 1.0350e+00  7.8138e-01
 1.0400e+00  7.9630e-01
 1.0450e+00  8.1046e-01
 1.0500e+00  8.2388e-01
 1.0550e+00  8.3658e-01
 1.0600e+00  8.4856e-01
 1.0650e+00  8.5984e-01
 1.0700e+00  8.7043e-01
 1.0750e+00  8.8036e-01
 1.0800e+00  8.8963e-01
 1.0850e+00  8.9825e-01
 1.0900e+00  9.0622e-01
 1.0950e+00  9.1353e-01
 1.1000e+00  9.2016e-01
 1.1050e+00  9.2610e-01
 1.1100e+00  9.3134e-01
 1.1150e+00  9.3587e-01
 1.1200e+00  9.3967e-01
 1.1250e+00  9.4274e-01
 1.1300e+00  9.4507e-01
 1.1350e+00  9.4665e-01
 1.1400e+00  9.4753e-01
 1.1450e+00  9.4775e-01
 1.1500e+00  9.4737e-01
 1.1550e+00  9.4645e-01
 1.1600e+00  9.4505e-01
 1.1650e+00  9.4320e-01
 1.1700e+00  9.4097e-01
 1.1750e+00  9.3842e-01
 1.1800e+00  9.3558e-01
 1.1850e+00  9.3252e-01
 1.1900e+00  9.2919e-01
 1.1950e+00  9.2555e-01
 1.2000e+00  9.2156e-01
 1.2050e+00  9.1717e-01
 1.2100e+00  9.1233e-01
 1.2150e+00  9.0700e-01
 1.2200e+00  9.0114e-01
 1.2250e+00  8.9470e-01
 1.2300e+00  8.8763e-01
 1.2350e+00  8.7991e-01
 1.2400e+00  8.7157e-01
 1.2450e+00  8.6268e-01
 1.2500e+00  8.5330e-01
 1.2550e+00  8.4348e-01
 1.2600e+00  8.3330e-01
 1.2650e+00  8.2280e-01
 1.2700e+00  8.1205e-01
 1.2750e+00  8.0110e-01
 1.2800e+00  7.9003e-01
 1.2850e+00  7.7888e-01
 1.2900e+00  7.6769e-01
 1.2950e+00  7.5646e-01
 1.3000e+00  7.4522e-01
 1.3050e+00  7.3400e-01
 1.3100e+00  7.2280e-01
 1.3150e+00  7.1165e-01
 1.3200e+00  7.0057e-01
 1.3250e+00  6.8958e-01
 1.3300e+00  6.7869e-01
 1.3350e+00  6.6793e-01
 1.3400e+00  6.5735e-01
 1.3450e+00  6.4699e-01
 1.3500e+00  6.3690e-01
 1.3550e+00  6.2712e-01
 1.3600e+00  6.1771e-01
 1.3650e+00  6.0871e-01
 1.3700e+00  6.0016e-01
 1.3750e+00  5.9212e-01
 1.3800e+00  5.8464e-01
 1.3850e+00  5.7773e-01
 1.3900e+00  5.7135e-01
 1.3950e+00  5.6543e-01
 1.4000e+00  5.5988e-01
 1.4050e+00  5.5463e-01
 1.4100e+00  5.4961e-01
 1.4150e+00  5.4473e-01
 1.4200e+00  5.3993e-01
 1.4250e+00  5.3513e-01
 1.4300e+00  5.3025e-01
 1.4350e+00  5.2523e-01
 1.4400e+00  5.2012e-01
 1.4450e+00  5.1497e-01
 1.4500e+00  5.0984e-01
 1.4550e+00  5.0480e-01
 1.4600e+00  4.9992e-01
 1.4650e+00  4.9524e-01
 1.4700e+00  4.9083e-01
 1.4750e+00  4.8676e-01
 1.4800e+00  4.8308e-01
 1.4850e+00  4.8000e-01
