#      mass     spc fnc
 2.8000e-01  0.0000e+00
 2.8500e-01  5.8870e-04
 2.9000e-01  2.4268e-03
 2.9500e-01  4.4068e-03
 3.0000e-01  6.5194e-03
 3.0500e-01  8.7554e-03
 3.1000e-01  1.1106e-02
 3.1500e-01  1.3561e-02
 3.2000e-01  1.6112e-02
 3.2500e-01  1.8749e-02
 3.3000e-01  2.1464e-02
 3.3500e-01  2.4246e-02
 3.4000e-01  2.7088e-02
 3.4500e-01  2.9979e-02
 3.5000e-01  3.2911e-02
 3.5500e-01  3.5876e-02
 3.6000e-01  3.8874e-02
 3.6500e-01  4.1904e-02
 3.7000e-01  4.4964e-02
 3.7500e-01  4.8056e-02
 3.8000e-01  5.1177e-02
 3.8500e-01  5.4329e-02
 3.9000e-01  5.7509e-02
 3.9500e-01  6.0717e-02
 4.0000e-01  6.3953e-02
 4.0500e-01  6.7225e-02
 4.1000e-01  7.0558e-02
 4.1500e-01  7.3980e-02
 4.2000e-01  7.7520e-02
 4.2500e-01  8.1206e-02
 4.3000e-01  8.5066e-02
 4.3500e-01  8.9127e-02
 4.4000e-01  9.3419e-02
 4.4500e-01  9.7969e-02
 4.5000e-01  1.0280e-01
 4.5500e-01  1.0794e-01
 4.6000e-01  1.1336e-01
 4.6500e-01  1.1905e-01
 4.7000e-01  1.2497e-01
 4.7500e-01  1.3112e-01
 4.8000e-01  1.3746e-01
 4.8500e-01  1.4399e-01
 4.9000e-01  1.5068e-01
 4.9500e-01  1.5750e-01
 5.0000e-01  1.6444e-01
 5.0500e-01  1.7151e-01
 5.1000e-01  1.7876e-01
 5.1500e-01  1.8627e-01
 5.2000e-01  1.9412e-01
 5.2500e-01  2.0238e-01
 5.3000e-01  2.1111e-01
 5.3500e-01  2.2040e-01
 5.4000e-01  2.3032e-01
 5.4500e-01  2.4093e-01
 5.5000e-01  2.5231e-01
 5.5500e-01  2.6454e-01
 5.6000e-01  2.7770e-01
 5.6500e-01  2.9185e-01
 5.7000e-01  3.0709e-01
 5.7500e-01  3.2349e-01
 5.8000e-01  3.4113e-01
 5.8500e-01  3.6009e-01
 5.9000e-01  3.8044e-01
 5.9500e-01  4.0227e-01
 6.0000e-01  4.2565e-01
 6.0500e-01  4.5067e-01
 6.1000e-01  4.7745e-01
 6.1500e-01  5.0611e-01
 6.2000e-01  5.3675e-01
 6.2500e-01  5.6950e-01
 6.3000e-01  6.0446e-01
 6.3500e-01  6.4177e-01
 6.4000e-01  6.8153e-01
 6.4500e-01  7.2385e-01
 6.5000e-01  7.6886e-01
 6.5500e-01  8.1693e-01
 6.6000e-01  8.6895e-01
 6.6500e-01  9.2592e-01
 6.7000e-01  9.8882e-01
 6.7500e-01  1.0586e+00
 6.8000e-01  1.1363e+00
 6.8500e-01  1.2229e+00
 6.9000e-01  1.3193e+00
 6.9500e-01  1.4266e+00
 7.0000e-01  1.5457e+00
 7.0500e-01  1.6761e+00
 7.1000e-01  1.8143e+00
 7.1500e-01  1.9561e+00
 7.2000e-01  2.0976e+00
 7.2500e-01  2.2346e+00
 7.3000e-01  2.3632e+00
 7.3500e-01  2.4793e+00
 7.4000e-01  2.5788e+00
 7.4500e-01  2.6577e+00
 7.5000e-01  2.7120e+00
 7.5500e-01  2.7394e+00
 7.6000e-01  2.7420e+00
 7.6500e-01  2.7222e+00
 7.7000e-01  2.6826e+00
 7.7500e-01  2.6256e+00
 7.8000e-01  2.5537e+00
 7.8500e-01  2.4694e+00
 7.9000e-01  2.3752e+00
 7.9500e-01  2.2736e+00
 8.0000e-01  2.1671e+00
 8.0500e-01  2.0578e+00
 8.1000e-01  1.9469e+00
 8.1500e-01  1.8354e+00
 8.2000e-01  1.7245e+00
 8.2500e-01  1.6152e+00
 8.3000e-01  1.5086e+00
 8.3500e-01  1.4058e+00
 8.4000e-01  1.3079e+00
 8.4500e-01  1.2160e+00
 8.5000e-01  1.1311e+00
 8.5500e-01  1.0539e+00
 8.6000e-01  9.8384e-01
 8.6500e-01  9.2050e-01
 8.7000e-01  8.6327e-01
 8.7500e-01  8.1158e-01
 8.8000e-01  7.6489e-01
 8.8500e-01  7.2262e-01
 8.9000e-01  6.8422e-01
 8.9500e-01  6.4912e-01
 9.0000e-01  6.1678e-01
 9.0500e-01  5.8675e-01
 9.1000e-01  5.5889e-01
 9.1500e-01  5.3308e-01
 9.2000e-01  5.0921e-01
 9.2500e-01  4.8717e-01
 9.3000e-01  4.6685e-01
 9.3500e-01  4.4813e-01
 9.4000e-01  4.3090e-01
 9.4500e-01  4.1506e-01
 9.5000e-01  4.0047e-01
 9.5500e-01  3.8706e-01
 9.6000e-01  3.7473e-01
 9.6500e-01  3.6341e-01
 9.7000e-01  3.5303e-01
 9.7500e-01  3.4352e-01
 9.8000e-01  3.3479e-01
 9.8500e-01  3.2678e-01
 9.9000e-01  3.1941e-01
 9.9500e-01  3.1260e-01
 1.0000e+00  3.0629e-01
 1.0050e+00  3.0041e-01
 1.0100e+00  2.9496e-01
 1.0150e+00  2.8994e-01
 1.0200e+00  2.8533e-01
 1.0250e+00  2.8114e-01
 1.0300e+00  2.7736e-01
 1.0350e+00  2.7399e-01
 1.0400e+00  2.7102e-01
 1.0450e+00  2.6845e-01
 1.0500e+00  2.6627e-01
 1.0550e+00  2.6448e-01
 1.0600e+00  2.6302e-01
 1.0650e+00  2.6186e-01
 1.0700e+00  2.6094e-01
 1.0750e+00  2.6023e-01
 1.0800e+00  2.5968e-01
 1.0850e+00  2.5924e-01
 1.0900e+00  2.5887e-01
 1.0950e+00  2.5853e-01
 1.1000e+00  2.5817e-01
 1.1050e+00  2.5776e-01
 1.1100e+00  2.5734e-01
 1.1150e+00  2.5693e-01
 1.1200e+00  2.5658e-01
 1.1250e+00  2.5630e-01
 1.1300e+00  2.5614e-01
 1.1350e+00  2.5613e-01
 1.1400e+00  2.5630e-01
 1.1450e+00  2.5668e-01
 1.1500e+00  2.5731e-01
 1.1550e+00  2.5820e-01
 1.1600e+00  2.5935e-01
 1.1650e+00  2.6074e-01
 1.1700e+00  2.6237e-01
 1.1750e+00  2.6422e-01
 1.1800e+00  2.6627e-01
 1.1850e+00  2.6852e-01
 1.1900e+00  2.7096e-01
 1.1950e+00  2.7357e-01
 1.2000e+00  2.7633e-01
 1.2050e+00  2.7926e-01
 1.2100e+00  2.8235e-01
 1.2150e+00  2.8564e-01
 1.2200e+00  2.8912e-01
 1.2250e+00  2.9283e-01
 1.2300e+00  2.9679e-01
 1.2350e+00  3.0100e-01
 1.2400e+00  3.0548e-01
 1.2450e+00  3.1025e-01
 1.2500e+00  3.1534e-01
 1.2550e+00  3.2073e-01
 1.2600e+00  3.2636e-01
 1.2650e+00  3.3218e-01
 1.2700e+00  3.3811e-01
 1.2750e+00  3.4410e-01
 1.2800e+00  3.5008e-01
 1.2850e+00  3.5598e-01
 1.2900e+00  3.6174e-01
 1.2950e+00  3.6729e-01
 1.3000e+00  3.7258e-01
 1.3050e+00  3.7758e-01
 1.3100e+00  3.8236e-01
 1.3150e+00  3.8698e-01
 1.3200e+00  3.9152e-01
 1.3250e+00  3.9606e-01
 1.3300e+00  4.0069e-01
 1.3350e+00  4.0546e-01
 1.3400e+00  4.1046e-01
 1.3450e+00  4.1576e-01
 1.3500e+00  4.2144e-01
 1.3550e+00  4.2755e-01
 1.3600e+00  4.3402e-01
 1.3650e+00  4.4082e-01
 1.3700e+00  4.4790e-01
 1.3750e+00  4.5519e-01
 1.3800e+00  4.6265e-01
 1.3850e+00  4.7023e-01
 1.3900e+00  4.7787e-01
 1.3950e+00  4.8552e-01
 1.4000e+00  4.9313e-01
 1.4050e+00  5.0067e-01
 1.4100e+00  5.0815e-01
 1.4150e+00  5.1561e-01
 1.4200e+00  5.2308e-01
 1.4250e+00  5.3056e-01
 1.4300e+00  5.3810e-01
 1.4350e+00  5.4572e-01
 1.4400e+00  5.5343e-01
 1.4450e+00  5.6128e-01
 1.4500e+00  5.6928e-01
 1.4550e+00  5.7743e-01
 1.4600e+00  5.8566e-01
 1.4650e+00  5.9387e-01
 1.4700e+00  6.0198e-01
 1.4750e+00  6.0990e-01
 1.4800e+00  6.1756e-01
 1.4850e+00  6.2000e-01
