#      mass       lower       upper
1.0220000e+00 2.2051307e-13 5.0941380e-09
1.0270100e+00 2.2051307e-13 5.0941380e-09
1.0320400e+00 2.2051307e-13 5.0941380e-09
1.0371000e+00 2.2051307e-13 5.0941380e-09
1.0421800e+00 2.2051307e-13 5.0941380e-09
1.0472900e+00 2.2051307e-13 5.0941380e-09
1.0524200e+00 2.2051307e-13 5.0941380e-09
1.0575800e+00 2.2051307e-13 5.0941380e-09
1.0627600e+00 2.2051307e-13 5.0941380e-09
1.0679700e+00 2.2051307e-13 5.0941380e-09
1.0732000e+00 2.2051307e-13 5.0941380e-09
1.0784600e+00 2.2051307e-13 5.0941380e-09
1.0837400e+00 2.2051307e-13 5.0941380e-09
1.0890600e+00 2.2051307e-13 5.0941380e-09
1.0943900e+00 2.2051307e-13 5.0941380e-09
1.0997600e+00 2.2051307e-13 5.0941380e-09
1.1051400e+00 2.2051307e-13 5.0941380e-09
1.1105600e+00 2.2051307e-13 5.0941380e-09
1.1160000e+00 2.2051307e-13 4.2292429e-09
1.1214700e+00 2.2051307e-13 4.2292429e-09
1.1269700e+00 2.2051307e-13 4.2292429e-09
1.1324900e+00 2.2051307e-13 4.2292429e-09
1.1380400e+00 2.2051307e-13 4.2292429e-09
1.1436200e+00 1.8307383e-13 4.2292429e-09
1.1492200e+00 1.8307383e-13 4.2292429e-09
1.1548500e+00 1.8307383e-13 4.2292429e-09
1.1605100e+00 1.8307383e-13 4.2292429e-09
1.1662000e+00 1.8307383e-13 4.2292429e-09
1.1719100e+00 1.8307383e-13 4.2292429e-09
1.1776500e+00 1.8307383e-13 4.2292429e-09
1.1834300e+00 1.8307383e-13 4.2292429e-09
1.1892300e+00 1.8307383e-13 4.2292429e-09
1.1950500e+00 1.8307383e-13 4.2292429e-09
1.2009100e+00 1.8307383e-13 4.2292429e-09
1.2067900e+00 1.8307383e-13 4.2292429e-09
1.2127100e+00 1.8307383e-13 4.2292429e-09
1.2186500e+00 1.8307383e-13 3.5111917e-09
1.2246200e+00 1.8307383e-13 3.5111917e-09
1.2306200e+00 1.8307383e-13 3.5111917e-09
1.2366500e+00 1.8307383e-13 3.5111917e-09
1.2427100e+00 1.8307383e-13 3.5111917e-09
1.2488000e+00 1.8307383e-13 3.5111917e-09
1.2549200e+00 1.8307383e-13 3.5111917e-09
1.2610700e+00 1.8307383e-13 3.5111917e-09
1.2672500e+00 1.8307383e-13 3.5111917e-09
1.2734600e+00 1.8307383e-13 3.5111917e-09
1.2797000e+00 1.8307383e-13 3.5111917e-09
1.2859700e+00 1.8307383e-13 3.5111917e-09
1.2922800e+00 1.8307383e-13 3.5111917e-09
1.2986100e+00 1.8307383e-13 3.5111917e-09
1.3049700e+00 1.8307383e-13 3.5111917e-09
1.3113700e+00 1.8307383e-13 3.5111917e-09
1.3177900e+00 1.8307383e-13 3.5111917e-09
1.3242500e+00 1.8307383e-13 2.9150531e-09
1.3307400e+00 1.8307383e-13 2.9150531e-09
1.3372600e+00 1.8307383e-13 2.9150531e-09
1.3438100e+00 1.8307383e-13 2.9150531e-09
1.3504000e+00 1.8307383e-13 2.9150531e-09
1.3570200e+00 1.8307383e-13 2.9150531e-09
1.3636700e+00 1.8307383e-13 2.9150531e-09
1.3703500e+00 1.8307383e-13 2.9150531e-09
1.3770600e+00 1.8307383e-13 2.9150531e-09
1.3838100e+00 1.5199111e-13 2.9150531e-09
1.3905900e+00 1.5199111e-13 2.9150531e-09
1.3974100e+00 1.5199111e-13 2.9150531e-09
1.4042600e+00 1.5199111e-13 2.9150531e-09
1.4111400e+00 1.5199111e-13 2.9150531e-09
1.4180500e+00 1.5199111e-13 2.9150531e-09
1.4250000e+00 1.5199111e-13 2.9150531e-09
1.4319800e+00 1.5199111e-13 2.9150531e-09
1.4390000e+00 1.5199111e-13 2.9150531e-09
1.4460500e+00 1.5199111e-13 2.4201283e-09
1.4531400e+00 1.5199111e-13 2.4201283e-09
1.4602600e+00 1.5199111e-13 2.4201283e-09
1.4674200e+00 1.5199111e-13 2.4201283e-09
1.4746100e+00 1.5199111e-13 2.4201283e-09
1.4818300e+00 1.5199111e-13 2.4201283e-09
1.4890900e+00 1.5199111e-13 2.4201283e-09
1.4963900e+00 1.5199111e-13 2.4201283e-09
1.5037200e+00 1.5199111e-13 2.4201283e-09
1.5110900e+00 1.5199111e-13 2.4201283e-09
1.5185000e+00 1.5199111e-13 2.4201283e-09
1.5259400e+00 1.5199111e-13 2.4201283e-09
1.5334200e+00 1.5199111e-13 2.4201283e-09
1.5409300e+00 1.5199111e-13 2.4201283e-09
1.5484800e+00 1.5199111e-13 2.4201283e-09
1.5560700e+00 1.5199111e-13 2.4201283e-09
1.5637000e+00 1.5199111e-13 2.4201283e-09
1.5713600e+00 1.5199111e-13 2.4201283e-09
1.5790600e+00 1.5199111e-13 2.0092330e-09
1.5868000e+00 1.5199111e-13 2.0092330e-09
1.5945700e+00 1.5199111e-13 2.0092330e-09
1.6023900e+00 1.5199111e-13 2.0092330e-09
1.6102400e+00 1.5199111e-13 2.0092330e-09
1.6181300e+00 1.5199111e-13 2.0092330e-09
1.6260600e+00 1.5199111e-13 2.0092330e-09
1.6340300e+00 1.5199111e-13 2.0092330e-09
1.6420400e+00 1.5199111e-13 2.0092330e-09
1.6500800e+00 1.5199111e-13 2.0092330e-09
1.6581700e+00 1.5199111e-13 2.0092330e-09
1.6662900e+00 1.2618569e-13 2.0092330e-09
1.6744600e+00 1.2618569e-13 2.0092330e-09
1.6826600e+00 1.2618569e-13 2.0092330e-09
1.6909100e+00 1.2618569e-13 2.0092330e-09
1.6992000e+00 1.2618569e-13 2.0092330e-09
1.7075200e+00 1.2618569e-13 2.0092330e-09
1.7158900e+00 1.2618569e-13 2.0092330e-09
1.7243000e+00 1.2618569e-13 1.6681005e-09
1.7327500e+00 1.2618569e-13 1.6681005e-09
1.7412400e+00 1.2618569e-13 1.6681005e-09
1.7497700e+00 1.2618569e-13 1.6681005e-09
1.7583500e+00 1.2618569e-13 1.6681005e-09
1.7669600e+00 1.2618569e-13 1.6681005e-09
1.7756200e+00 1.2618569e-13 1.6681005e-09
1.7843200e+00 1.2618569e-13 1.6681005e-09
1.7930700e+00 1.2618569e-13 1.6681005e-09
1.8018500e+00 1.2618569e-13 1.6681005e-09
1.8106800e+00 1.2618569e-13 1.6681005e-09
1.8195600e+00 1.2618569e-13 1.6681005e-09
1.8284700e+00 1.2618569e-13 1.6681005e-09
1.8374300e+00 1.2618569e-13 1.6681005e-09
1.8464400e+00 1.2618569e-13 1.6681005e-09
1.8554900e+00 1.2618569e-13 1.6681005e-09
1.8645800e+00 1.2618569e-13 1.6681005e-09
1.8737200e+00 1.2618569e-13 1.3848864e-09
1.8829000e+00 1.2618569e-13 1.3848864e-09
1.8921200e+00 1.2618569e-13 1.3848864e-09
1.9014000e+00 1.2618569e-13 1.3848864e-09
1.9107100e+00 1.2618569e-13 1.3848864e-09
1.9200800e+00 1.2618569e-13 1.3848864e-09
1.9294900e+00 1.2618569e-13 1.3848864e-09
1.9389400e+00 1.2618569e-13 1.3848864e-09
1.9484400e+00 1.2618569e-13 1.3848864e-09
1.9579900e+00 1.2618569e-13 1.3848864e-09
1.9675900e+00 1.2618569e-13 1.3848864e-09
1.9772300e+00 1.2618569e-13 1.3848864e-09
1.9869200e+00 1.2618569e-13 1.3848864e-09
1.9966500e+00 1.0476158e-13 1.3848864e-09
2.0064400e+00 1.0476158e-13 1.3848864e-09
2.0162700e+00 1.0476158e-13 1.3848864e-09
2.0261500e+00 1.0476158e-13 1.3848864e-09
2.0360800e+00 1.0476158e-13 1.3848864e-09
2.0460600e+00 1.0476158e-13 1.1497570e-09
2.0560800e+00 1.0476158e-13 1.1497570e-09
2.0661600e+00 1.0476158e-13 1.1497570e-09
2.0762800e+00 1.0476158e-13 1.1497570e-09
2.0864600e+00 1.0476158e-13 1.1497570e-09
2.0966800e+00 1.0476158e-13 1.1497570e-09
2.1069600e+00 1.0476158e-13 1.1497570e-09
2.1172800e+00 1.0476158e-13 1.1497570e-09
2.1276600e+00 1.0476158e-13 1.1497570e-09
2.1380800e+00 1.0476158e-13 1.1497570e-09
2.1485600e+00 1.0476158e-13 1.1497570e-09
2.1590900e+00 1.0476158e-13 1.1497570e-09
2.1696700e+00 1.0476158e-13 1.1497570e-09
2.1803000e+00 1.0476158e-13 1.1497570e-09
2.1909900e+00 1.0476158e-13 1.1497570e-09
2.2017200e+00 1.0476158e-13 1.1497570e-09
2.2125100e+00 1.0476158e-13 1.1497570e-09
2.2233600e+00 1.0476158e-13 1.1497570e-09
2.2342500e+00 1.0476158e-13 9.5454846e-10
2.2452000e+00 1.0476158e-13 9.5454846e-10
2.2562000e+00 1.0476158e-13 9.5454846e-10
2.2672600e+00 1.0476158e-13 9.5454846e-10
2.2783700e+00 1.0476158e-13 9.5454846e-10
2.2895300e+00 1.0476158e-13 9.5454846e-10
2.3007500e+00 1.0476158e-13 9.5454846e-10
2.3120300e+00 1.0476158e-13 9.5454846e-10
2.3233600e+00 1.0476158e-13 9.5454846e-10
2.3347400e+00 1.0476158e-13 9.5454846e-10
2.3461800e+00 1.0476158e-13 9.5454846e-10
2.3576800e+00 1.0476158e-13 9.5454846e-10
2.3692300e+00 1.0476158e-13 9.5454846e-10
2.3808400e+00 1.0476158e-13 9.5454846e-10
2.3925100e+00 1.0476158e-13 9.5454846e-10
2.4042300e+00 8.6974900e-14 9.5454846e-10
2.4160200e+00 1.0476158e-13 9.5454846e-10
2.4278600e+00 8.6974900e-14 9.5454846e-10
2.4397500e+00 8.6974900e-14 7.9248290e-10
2.4517100e+00 8.6974900e-14 7.9248290e-10
2.4637200e+00 8.6974900e-14 7.9248290e-10
2.4758000e+00 8.6974900e-14 7.9248290e-10
2.4879300e+00 8.6974900e-14 7.9248290e-10
2.5001200e+00 8.6974900e-14 7.9248290e-10
2.5123700e+00 8.6974900e-14 7.9248290e-10
2.5246800e+00 8.6974900e-14 7.9248290e-10
2.5370600e+00 8.6974900e-14 7.9248290e-10
2.5494900e+00 8.6974900e-14 7.9248290e-10
2.5619800e+00 8.6974900e-14 7.9248290e-10
2.5745400e+00 8.6974900e-14 7.9248290e-10
2.5871500e+00 8.6974900e-14 7.9248290e-10
2.5998300e+00 8.6974900e-14 7.9248290e-10
2.6125700e+00 8.6974900e-14 7.9248290e-10
2.6253700e+00 8.6974900e-14 7.9248290e-10
2.6382400e+00 8.6974900e-14 7.9248290e-10
2.6511700e+00 8.6974900e-14 6.5793322e-10
2.6641600e+00 8.6974900e-14 6.5793322e-10
2.6772100e+00 8.6974900e-14 6.5793322e-10
2.6903300e+00 8.6974900e-14 6.5793322e-10
2.7035200e+00 8.6974900e-14 6.5793322e-10
2.7167600e+00 8.6974900e-14 6.5793322e-10
2.7300800e+00 8.6974900e-14 6.5793322e-10
2.7434600e+00 8.6974900e-14 6.5793322e-10
2.7569000e+00 8.6974900e-14 6.5793322e-10
2.7704100e+00 8.6974900e-14 6.5793322e-10
2.7839900e+00 8.6974900e-14 6.5793322e-10
2.7976300e+00 8.6974900e-14 6.5793322e-10
2.8113400e+00 8.6974900e-14 6.5793322e-10
2.8251100e+00 8.6974900e-14 6.5793322e-10
2.8389600e+00 8.6974900e-14 6.5793322e-10
2.8528700e+00 8.6974900e-14 6.5793322e-10
2.8668500e+00 8.6974900e-14 6.5793322e-10
2.8809000e+00 8.6974900e-14 6.5793322e-10
2.8950200e+00 8.6974900e-14 5.4622772e-10
2.9092000e+00 7.2208090e-14 5.4622772e-10
2.9234600e+00 7.2208090e-14 5.4622772e-10
2.9377900e+00 7.2208090e-14 5.4622772e-10
2.9521800e+00 7.2208090e-14 5.4622772e-10
2.9666500e+00 7.2208090e-14 5.4622772e-10
2.9811900e+00 7.2208090e-14 5.4622772e-10
2.9958000e+00 7.2208090e-14 5.4622772e-10
3.0104800e+00 7.2208090e-14 5.4622772e-10
3.0252300e+00 7.2208090e-14 5.4622772e-10
3.0400500e+00 7.2208090e-14 5.4622772e-10
3.0549500e+00 7.2208090e-14 5.4622772e-10
3.0699200e+00 7.2208090e-14 5.4622772e-10
3.0849600e+00 7.2208090e-14 5.4622772e-10
3.1000800e+00 7.2208090e-14 5.4622772e-10
3.1152700e+00 7.2208090e-14 5.4622772e-10
3.1305400e+00 7.2208090e-14 5.4622772e-10
3.1458800e+00 7.2208090e-14 5.4622772e-10
3.1613000e+00 7.2208090e-14 4.5348785e-10
3.1767900e+00 7.2208090e-14 4.5348785e-10
3.1923600e+00 7.2208090e-14 4.5348785e-10
3.2080000e+00 7.2208090e-14 4.5348785e-10
3.2237200e+00 7.2208090e-14 4.5348785e-10
3.2395200e+00 7.2208090e-14 4.5348785e-10
3.2553900e+00 7.2208090e-14 4.5348785e-10
3.2713400e+00 7.2208090e-14 4.5348785e-10
3.2873800e+00 7.2208090e-14 4.5348785e-10
3.3034800e+00 7.2208090e-14 4.5348785e-10
3.3196700e+00 7.2208090e-14 4.5348785e-10
3.3359400e+00 7.2208090e-14 4.5348785e-10
3.3522900e+00 7.2208090e-14 4.5348785e-10
3.3687200e+00 7.2208090e-14 4.5348785e-10
3.3852200e+00 7.2208090e-14 4.5348785e-10
3.4018100e+00 7.2208090e-14 4.5348785e-10
3.4184800e+00 7.2208090e-14 4.5348785e-10
3.4352300e+00 7.2208090e-14 4.5348785e-10
3.4520700e+00 7.2208090e-14 3.7649358e-10
3.4689800e+00 7.2208090e-14 3.7649358e-10
3.4859800e+00 7.2208090e-14 3.7649358e-10
3.5030700e+00 5.9948425e-14 3.7649358e-10
3.5202300e+00 5.9948425e-14 3.7649358e-10
3.5374800e+00 5.9948425e-14 3.7649358e-10
3.5548200e+00 5.9948425e-14 3.7649358e-10
3.5722400e+00 5.9948425e-14 3.7649358e-10
3.5897400e+00 5.9948425e-14 3.7649358e-10
3.6073300e+00 5.9948425e-14 3.7649358e-10
3.6250100e+00 5.9948425e-14 3.7649358e-10
3.6427800e+00 5.9948425e-14 3.7649358e-10
3.6606300e+00 5.9948425e-14 3.7649358e-10
3.6785600e+00 5.9948425e-14 3.7649358e-10
3.6965900e+00 5.9948425e-14 3.7649358e-10
3.7147100e+00 5.9948425e-14 3.7649358e-10
3.7329100e+00 5.9948425e-14 3.7649358e-10
3.7512000e+00 5.9948425e-14 3.1257158e-10
3.7695800e+00 5.9948425e-14 3.1257158e-10
3.7880600e+00 5.9948425e-14 3.1257158e-10
3.8066200e+00 5.9948425e-14 3.1257158e-10
3.8252700e+00 5.9948425e-14 3.1257158e-10
3.8440200e+00 5.9948425e-14 3.1257158e-10
3.8628600e+00 5.9948425e-14 3.1257158e-10
3.8817900e+00 5.9948425e-14 3.1257158e-10
3.9008100e+00 5.9948425e-14 3.1257158e-10
3.9199200e+00 5.9948425e-14 3.1257158e-10
3.9391300e+00 5.9948425e-14 3.1257158e-10
3.9584300e+00 5.9948425e-14 3.1257158e-10
3.9778300e+00 5.9948425e-14 3.1257158e-10
3.9973300e+00 5.9948425e-14 3.1257158e-10
4.0169100e+00 5.9948425e-14 3.1257158e-10
4.0366000e+00 5.9948425e-14 3.1257158e-10
4.0563800e+00 5.9948425e-14 3.1257158e-10
4.0762600e+00 5.9948425e-14 3.1257158e-10
4.0962300e+00 5.9948425e-14 2.5950242e-10
4.1163100e+00 5.9948425e-14 2.5950242e-10
4.1364800e+00 5.9948425e-14 2.5950242e-10
4.1567500e+00 5.9948425e-14 2.5950242e-10
4.1771200e+00 5.9948425e-14 2.5950242e-10
4.1975900e+00 5.9948425e-14 2.5950242e-10
4.2181600e+00 5.9948425e-14 2.5950242e-10
4.2388300e+00 5.9948425e-14 2.5950242e-10
4.2596000e+00 4.9770236e-14 2.5950242e-10
4.2804700e+00 4.9770236e-14 2.5950242e-10
4.3014500e+00 4.9770236e-14 2.5950242e-10
4.3225300e+00 4.9770236e-14 2.5950242e-10
4.3437100e+00 4.9770236e-14 2.5950242e-10
4.3649900e+00 4.9770236e-14 2.5950242e-10
4.3863800e+00 4.9770236e-14 2.5950242e-10
4.4078800e+00 4.9770236e-14 2.5950242e-10
4.4294800e+00 4.9770236e-14 2.5950242e-10
4.4511900e+00 4.9770236e-14 2.1544347e-10
4.4730000e+00 4.9770236e-14 2.1544347e-10
4.4949200e+00 4.9770236e-14 2.1544347e-10
4.5169400e+00 4.9770236e-14 2.1544347e-10
4.5390800e+00 4.9770236e-14 2.1544347e-10
4.5613200e+00 4.9770236e-14 2.1544347e-10
4.5836700e+00 4.9770236e-14 2.1544347e-10
4.6061400e+00 4.9770236e-14 2.1544347e-10
4.6287100e+00 4.9770236e-14 2.1544347e-10
4.6513900e+00 4.9770236e-14 2.1544347e-10
4.6741800e+00 4.9770236e-14 2.1544347e-10
4.6970900e+00 4.9770236e-14 2.1544347e-10
4.7201100e+00 4.9770236e-14 2.1544347e-10
4.7432400e+00 4.9770236e-14 2.1544347e-10
4.7664800e+00 4.9770236e-14 2.1544347e-10
4.7898400e+00 4.9770236e-14 2.1544347e-10
4.8133100e+00 4.9770236e-14 2.1544347e-10
4.8369000e+00 4.9770236e-14 2.1544347e-10
4.8606000e+00 4.9770236e-14 1.7886495e-10
4.8844200e+00 4.9770236e-14 1.7886495e-10
4.9083500e+00 4.9770236e-14 1.7886495e-10
4.9324100e+00 4.9770236e-14 1.7886495e-10
4.9565800e+00 4.9770236e-14 1.7886495e-10
4.9808700e+00 4.9770236e-14 1.7886495e-10
5.0052700e+00 4.9770236e-14 1.7886495e-10
5.0298000e+00 4.9770236e-14 1.7886495e-10
5.0544500e+00 4.9770236e-14 1.7886495e-10
5.0792200e+00 4.9770236e-14 1.7886495e-10
5.1041100e+00 4.9770236e-14 1.7886495e-10
5.1291200e+00 4.1320124e-14 1.7886495e-10
5.1542500e+00 4.1320124e-14 1.7886495e-10
5.1795100e+00 4.1320124e-14 1.7886495e-10
5.2048900e+00 4.1320124e-14 1.7886495e-10
5.2304000e+00 4.1320124e-14 1.7886495e-10
5.2560300e+00 4.1320124e-14 1.7886495e-10
5.2817900e+00 4.1320124e-14 1.7886495e-10
5.3076700e+00 4.1320124e-14 1.4849683e-10
5.3336800e+00 4.1320124e-14 1.4849683e-10
5.3598200e+00 4.1320124e-14 1.4849683e-10
5.3860800e+00 4.1320124e-14 1.4849683e-10
5.4124700e+00 4.1320124e-14 1.4849683e-10
5.4390000e+00 4.1320124e-14 1.4849683e-10
5.4656500e+00 4.1320124e-14 1.4849683e-10
5.4924300e+00 4.1320124e-14 1.4849683e-10
5.5193500e+00 4.1320124e-14 1.4849683e-10
5.5464000e+00 4.1320124e-14 1.4849683e-10
5.5735800e+00 4.1320124e-14 1.4849683e-10
5.6008900e+00 4.1320124e-14 1.4849683e-10
5.6283300e+00 4.1320124e-14 1.4849683e-10
5.6559200e+00 4.1320124e-14 1.4849683e-10
5.6836300e+00 4.1320124e-14 1.4849683e-10
5.7114800e+00 4.1320124e-14 1.4849683e-10
5.7394700e+00 4.1320124e-14 1.4849683e-10
5.7676000e+00 4.1320124e-14 1.2328467e-10
5.7958600e+00 4.1320124e-14 1.2328467e-10
5.8242600e+00 4.1320124e-14 1.2328467e-10
5.8528000e+00 4.1320124e-14 1.2328467e-10
5.8814800e+00 4.1320124e-14 1.2328467e-10
5.9103100e+00 4.1320124e-14 1.2328467e-10
5.9392700e+00 4.1320124e-14 1.2328467e-10
5.9683700e+00 4.1320124e-14 1.2328467e-10
5.9976200e+00 4.1320124e-14 1.2328467e-10
6.0270100e+00 4.1320124e-14 1.2328467e-10
6.0565500e+00 4.1320124e-14 1.2328467e-10
6.0862300e+00 4.1320124e-14 1.2328467e-10
6.1160500e+00 4.1320124e-14 1.2328467e-10
6.1460200e+00 4.1320124e-14 1.2328467e-10
6.1761400e+00 3.4304693e-14 1.2328467e-10
6.2064000e+00 3.4304693e-14 1.2328467e-10
6.2368200e+00 3.4304693e-14 1.2328467e-10
6.2673800e+00 3.4304693e-14 1.2328467e-10
6.2980900e+00 3.4304693e-14 1.0235310e-10
6.3289600e+00 3.4304693e-14 1.0235310e-10
6.3599700e+00 3.4304693e-14 1.0235310e-10
6.3911400e+00 3.4304693e-14 1.0235310e-10
6.4224600e+00 3.4304693e-14 1.0235310e-10
6.4539300e+00 3.4304693e-14 1.0235310e-10
6.4855500e+00 3.4304693e-14 1.0235310e-10
6.5173400e+00 3.4304693e-14 1.0235310e-10
6.5492700e+00 3.4304693e-14 1.0235310e-10
6.5813700e+00 3.4304693e-14 1.0235310e-10
6.6136200e+00 3.4304693e-14 1.0235310e-10
6.6460300e+00 3.4304693e-14 1.0235310e-10
6.6786000e+00 3.4304693e-14 1.0235310e-10
6.7113200e+00 3.4304693e-14 1.0235310e-10
6.7442100e+00 3.4304693e-14 1.0235310e-10
6.7772600e+00 3.4304693e-14 1.0235310e-10
6.8104700e+00 3.4304693e-14 1.0235310e-10
6.8438500e+00 3.4304693e-14 8.4975344e-11
6.8773800e+00 3.4304693e-14 8.4975344e-11
6.9110800e+00 3.4304693e-14 8.4975344e-11
6.9449500e+00 3.4304693e-14 8.4975344e-11
6.9789800e+00 3.4304693e-14 8.4975344e-11
7.0131800e+00 3.4304693e-14 8.4975344e-11
7.0475500e+00 3.4304693e-14 8.4975344e-11
7.0820900e+00 3.4304693e-14 8.4975344e-11
7.1167900e+00 3.4304693e-14 8.4975344e-11
7.1516700e+00 3.4304693e-14 8.4975344e-11
7.1867100e+00 3.4304693e-14 8.4975344e-11
7.2219300e+00 3.4304693e-14 8.4975344e-11
7.2573200e+00 3.4304693e-14 8.4975344e-11
7.2928800e+00 3.4304693e-14 8.4975344e-11
7.3286200e+00 3.4304693e-14 8.4975344e-11
7.3645300e+00 3.4304693e-14 8.4975344e-11
7.4006200e+00 3.4304693e-14 8.4975344e-11
7.4368900e+00 2.8480359e-14 7.0548023e-11
7.4733300e+00 2.8480359e-14 7.0548023e-11
7.5099500e+00 2.8480359e-14 7.0548023e-11
7.5467600e+00 2.8480359e-14 7.0548023e-11
7.5837400e+00 2.8480359e-14 7.0548023e-11
7.6209000e+00 2.8480359e-14 7.0548023e-11
7.6582500e+00 2.8480359e-14 7.0548023e-11
7.6957700e+00 2.8480359e-14 7.0548023e-11
7.7334900e+00 2.8480359e-14 7.0548023e-11
7.7713800e+00 2.8480359e-14 7.0548023e-11
7.8094700e+00 2.8480359e-14 7.0548023e-11
7.8477400e+00 2.8480359e-14 7.0548023e-11
7.8861900e+00 2.8480359e-14 7.0548023e-11
7.9248400e+00 2.8480359e-14 7.0548023e-11
7.9636700e+00 2.8480359e-14 7.0548023e-11
8.0027000e+00 2.8480359e-14 7.0548023e-11
8.0419100e+00 2.8480359e-14 7.0548023e-11
8.0813200e+00 2.8480359e-14 7.0548023e-11
8.1209200e+00 2.8480359e-14 5.8570208e-11
8.1607200e+00 2.8480359e-14 5.8570208e-11
8.2007100e+00 2.8480359e-14 5.8570208e-11
8.2409000e+00 2.8480359e-14 5.8570208e-11
8.2812800e+00 2.8480359e-14 5.8570208e-11
8.3218600e+00 2.8480359e-14 5.8570208e-11
8.3626400e+00 2.8480359e-14 5.8570208e-11
8.4036200e+00 2.8480359e-14 5.8570208e-11
8.4448000e+00 2.8480359e-14 5.8570208e-11
8.4861800e+00 2.8480359e-14 5.8570208e-11
8.5277700e+00 2.8480359e-14 5.8570208e-11
8.5695600e+00 2.8480359e-14 5.8570208e-11
8.6115500e+00 2.8480359e-14 5.8570208e-11
8.6537500e+00 2.8480359e-14 5.8570208e-11
8.6961600e+00 2.8480359e-14 5.8570208e-11
8.7387700e+00 2.8480359e-14 5.8570208e-11
8.7816000e+00 2.8480359e-14 5.8570208e-11
8.8246300e+00 2.8480359e-14 4.8626016e-11
8.8678700e+00 2.8480359e-14 4.8626016e-11
8.9113300e+00 2.8480359e-14 4.8626016e-11
8.9550000e+00 2.8480359e-14 4.8626016e-11
8.9988800e+00 2.3644894e-14 4.8626016e-11
9.0429800e+00 2.3644894e-14 4.8626016e-11
9.0872900e+00 2.3644894e-14 4.8626016e-11
9.1318200e+00 2.3644894e-14 4.8626016e-11
9.1765700e+00 2.3644894e-14 4.8626016e-11
9.2215400e+00 2.3644894e-14 4.8626016e-11
9.2667300e+00 2.3644894e-14 4.8626016e-11
9.3121400e+00 2.3644894e-14 4.8626016e-11
9.3577700e+00 2.3644894e-14 4.8626016e-11
9.4036300e+00 2.3644894e-14 4.8626016e-11
9.4497100e+00 2.3644894e-14 4.8626016e-11
9.4960200e+00 2.3644894e-14 4.8626016e-11
9.5425500e+00 2.3644894e-14 4.8626016e-11
9.5893100e+00 2.3644894e-14 4.8626016e-11
9.6363100e+00 2.3644894e-14 4.0370173e-11
9.6835300e+00 2.3644894e-14 4.0370173e-11
9.7309800e+00 2.3644894e-14 4.0370173e-11
9.7786700e+00 2.3644894e-14 4.0370173e-11
9.8265800e+00 2.3644894e-14 4.0370173e-11
9.8747400e+00 2.3644894e-14 4.0370173e-11
9.9231300e+00 2.3644894e-14 4.0370173e-11
9.9717600e+00 2.3644894e-14 4.0370173e-11
1.0020600e+01 2.3644894e-14 4.0370173e-11
1.0069700e+01 2.3644894e-14 4.0370173e-11
1.0119100e+01 2.3644894e-14 4.0370173e-11
1.0168700e+01 2.3644894e-14 4.0370173e-11
1.0218500e+01 2.3644894e-14 4.0370173e-11
1.0268600e+01 2.3644894e-14 4.0370173e-11
1.0318900e+01 2.3644894e-14 4.0370173e-11
1.0369400e+01 2.3644894e-14 4.0370173e-11
1.0420300e+01 2.3644894e-14 4.0370173e-11
1.0471300e+01 2.3644894e-14 3.3516027e-11
1.0522600e+01 2.3644894e-14 3.3516027e-11
1.0574200e+01 2.3644894e-14 3.3516027e-11
1.0626000e+01 2.3644894e-14 3.3516027e-11
1.0678100e+01 2.3644894e-14 3.3516027e-11
1.0730400e+01 2.3644894e-14 3.3516027e-11
1.0783000e+01 2.3644894e-14 3.3516027e-11
1.0835800e+01 1.9630407e-14 3.3516027e-11
1.0888900e+01 1.9630407e-14 3.3516027e-11
1.0942300e+01 1.9630407e-14 3.3516027e-11
1.0995900e+01 1.9630407e-14 3.3516027e-11
1.1049800e+01 1.9630407e-14 3.3516027e-11
1.1104000e+01 1.9630407e-14 3.3516027e-11
1.1158400e+01 1.9630407e-14 3.3516027e-11
1.1213100e+01 1.9630407e-14 3.3516027e-11
1.1268000e+01 1.9630407e-14 3.3516027e-11
1.1323200e+01 1.9630407e-14 3.3516027e-11
1.1378700e+01 1.9630407e-14 2.7825594e-11
1.1434500e+01 1.9630407e-14 2.7825594e-11
1.1490500e+01 1.9630407e-14 2.7825594e-11
1.1546800e+01 1.9630407e-14 2.7825594e-11
1.1603400e+01 1.9630407e-14 2.7825594e-11
1.1660200e+01 1.9630407e-14 2.7825594e-11
1.1717400e+01 1.9630407e-14 2.7825594e-11
1.1774800e+01 1.9630407e-14 2.7825594e-11
1.1832500e+01 1.9630407e-14 2.7825594e-11
1.1890500e+01 1.9630407e-14 2.7825594e-11
1.1948800e+01 1.9630407e-14 2.7825594e-11
1.2007300e+01 1.9630407e-14 2.7825594e-11
1.2066200e+01 1.9630407e-14 2.7825594e-11
1.2125300e+01 1.9630407e-14 2.7825594e-11
1.2184700e+01 1.9630407e-14 2.7825594e-11
1.2244400e+01 1.9630407e-14 2.7825594e-11
1.2304400e+01 1.9630407e-14 2.7825594e-11
1.2364700e+01 1.9630407e-14 2.3101297e-11
1.2425300e+01 1.9630407e-14 2.3101297e-11
1.2486200e+01 1.9630407e-14 2.3101297e-11
1.2547400e+01 1.9630407e-14 2.3101297e-11
1.2608900e+01 1.9630407e-14 2.3101297e-11
1.2670700e+01 1.9630407e-14 2.3101297e-11
1.2732700e+01 1.9630407e-14 2.3101297e-11
1.2795100e+01 1.9630407e-14 2.3101297e-11
1.2857800e+01 1.9630407e-14 2.3101297e-11
1.2920800e+01 1.9630407e-14 2.3101297e-11
1.2984200e+01 1.9630407e-14 2.3101297e-11
1.3047800e+01 1.9630407e-14 2.3101297e-11
1.3111700e+01 1.6297508e-14 2.3101297e-11
1.3176000e+01 1.6297508e-14 2.3101297e-11
1.3240500e+01 1.6297508e-14 2.3101297e-11
1.3305400e+01 1.6297508e-14 2.3101297e-11
1.3370600e+01 1.6297508e-14 2.3101297e-11
1.3436200e+01 1.6297508e-14 2.3101297e-11
1.3502000e+01 1.6297508e-14 1.9179103e-11
1.3568200e+01 1.6297508e-14 1.9179103e-11
1.3634700e+01 1.6297508e-14 1.9179103e-11
1.3701500e+01 1.6297508e-14 1.9179103e-11
1.3768600e+01 1.6297508e-14 1.9179103e-11
1.3836100e+01 1.6297508e-14 1.9179103e-11
1.3903900e+01 1.6297508e-14 1.9179103e-11
1.3972000e+01 1.6297508e-14 1.9179103e-11
1.4040500e+01 1.6297508e-14 1.9179103e-11
1.4109300e+01 1.6297508e-14 1.9179103e-11
1.4178400e+01 1.6297508e-14 1.9179103e-11
1.4247900e+01 1.6297508e-14 1.9179103e-11
1.4317700e+01 1.6297508e-14 1.9179103e-11
1.4387900e+01 1.6297508e-14 1.9179103e-11
1.4458400e+01 1.6297508e-14 1.9179103e-11
1.4529200e+01 1.6297508e-14 1.9179103e-11
1.4600400e+01 1.6297508e-14 1.9179103e-11
1.4672000e+01 1.6297508e-14 1.5922828e-11
1.4743900e+01 1.6297508e-14 1.5922828e-11
1.4816100e+01 1.6297508e-14 1.5922828e-11
1.4888700e+01 1.6297508e-14 1.5922828e-11
1.4961700e+01 1.6297508e-14 1.5922828e-11
1.5035000e+01 1.6297508e-14 1.5922828e-11
1.5108700e+01 1.6297508e-14 1.5922828e-11
1.5182700e+01 1.6297508e-14 1.5922828e-11
1.5257100e+01 1.6297508e-14 1.5922828e-11
1.5331900e+01 1.6297508e-14 1.5922828e-11
1.5407000e+01 1.6297508e-14 1.5922828e-11
1.5482500e+01 1.6297508e-14 1.5922828e-11
1.5558400e+01 1.6297508e-14 1.5922828e-11
1.5634700e+01 1.6297508e-14 1.5922828e-11
1.5711300e+01 1.6297508e-14 1.5922828e-11
1.5788300e+01 1.6297508e-14 1.5922828e-11
1.5865600e+01 1.6297508e-14 1.5922828e-11
1.5943400e+01 1.3530478e-14 1.3219411e-11
1.6021500e+01 1.3530478e-14 1.3219411e-11
1.6100000e+01 1.3530478e-14 1.3219411e-11
1.6178900e+01 1.3530478e-14 1.3219411e-11
1.6258200e+01 1.3530478e-14 1.3219411e-11
1.6337900e+01 1.3530478e-14 1.3219411e-11
1.6417900e+01 1.3530478e-14 1.3219411e-11
1.6498400e+01 1.3530478e-14 1.3219411e-11
1.6579200e+01 1.3530478e-14 1.3219411e-11
1.6660500e+01 1.3530478e-14 1.3219411e-11
1.6742100e+01 1.3530478e-14 1.3219411e-11
1.6824200e+01 1.3530478e-14 1.3219411e-11
1.6906600e+01 1.3530478e-14 1.3219411e-11
1.6989400e+01 1.3530478e-14 1.3219411e-11
1.7072700e+01 1.3530478e-14 1.3219411e-11
1.7156400e+01 1.3530478e-14 1.3219411e-11
1.7240400e+01 1.3530478e-14 1.3219411e-11
1.7324900e+01 1.3530478e-14 1.0974988e-11
1.7409800e+01 1.3530478e-14 1.0974988e-11
1.7495100e+01 1.3530478e-14 1.0974988e-11
1.7580900e+01 1.3530478e-14 1.0974988e-11
1.7667000e+01 1.3530478e-14 1.0974988e-11
1.7753600e+01 1.3530478e-14 1.0974988e-11
1.7840600e+01 1.3530478e-14 1.0974988e-11
1.7928000e+01 1.3530478e-14 1.0974988e-11
1.8015900e+01 1.3530478e-14 1.0974988e-11
1.8104200e+01 1.3530478e-14 1.0974988e-11
1.8192900e+01 1.3530478e-14 1.0974988e-11
1.8282000e+01 1.3530478e-14 1.0974988e-11
1.8371600e+01 1.3530478e-14 1.0974988e-11
1.8461600e+01 1.3530478e-14 1.0974988e-11
1.8552100e+01 1.3530478e-14 1.0974988e-11
1.8643000e+01 1.3530478e-14 1.0974988e-11
1.8734400e+01 1.3530478e-14 1.0974988e-11
1.8826200e+01 1.3530478e-14 9.1116276e-12
1.8918400e+01 1.3530478e-14 9.1116276e-12
1.9011200e+01 1.3530478e-14 9.1116276e-12
1.9104300e+01 1.3530478e-14 9.1116276e-12
1.9197900e+01 1.3530478e-14 9.1116276e-12
1.9292000e+01 1.1233240e-14 9.1116276e-12
1.9386500e+01 1.1233240e-14 9.1116276e-12
1.9481500e+01 1.1233240e-14 9.1116276e-12
1.9577000e+01 1.1233240e-14 9.1116276e-12
1.9672900e+01 1.1233240e-14 9.1116276e-12
1.9769400e+01 1.1233240e-14 9.1116276e-12
1.9866200e+01 1.1233240e-14 9.1116276e-12
1.9963600e+01 1.1233240e-14 9.1116276e-12
2.0061400e+01 1.1233240e-14 9.1116276e-12
2.0159700e+01 1.1233240e-14 9.1116276e-12
2.0258500e+01 1.1233240e-14 9.1116276e-12
2.0357800e+01 1.1233240e-14 9.1116276e-12
2.0457500e+01 1.1233240e-14 9.1116276e-12
2.0557800e+01 1.1233240e-14 7.5646333e-12
2.0658500e+01 1.1233240e-14 7.5646333e-12
2.0759800e+01 1.1233240e-14 7.5646333e-12
2.0861500e+01 1.1233240e-14 7.5646333e-12
2.0963700e+01 1.1233240e-14 7.5646333e-12
2.1066500e+01 1.1233240e-14 7.5646333e-12
2.1169700e+01 1.1233240e-14 7.5646333e-12
2.1273400e+01 1.1233240e-14 7.5646333e-12
2.1377700e+01 1.1233240e-14 7.5646333e-12
2.1482400e+01 1.1233240e-14 7.5646333e-12
2.1587700e+01 1.1233240e-14 7.5646333e-12
2.1693500e+01 1.1233240e-14 7.5646333e-12
2.1799800e+01 1.1233240e-14 7.5646333e-12
2.1906600e+01 1.1233240e-14 7.5646333e-12
2.2014000e+01 1.1233240e-14 7.5646333e-12
2.2121900e+01 1.1233240e-14 7.5646333e-12
2.2230300e+01 1.1233240e-14 6.2802914e-12
2.2339200e+01 1.1233240e-14 6.2802914e-12
2.2448700e+01 1.1233240e-14 6.2802914e-12
2.2558700e+01 1.1233240e-14 6.2802914e-12
2.2669200e+01 1.1233240e-14 6.2802914e-12
2.2780300e+01 1.1233240e-14 6.2802914e-12
2.2891900e+01 1.1233240e-14 6.2802914e-12
2.3004100e+01 1.1233240e-14 6.2802914e-12
2.3116800e+01 1.1233240e-14 6.2802914e-12
2.3230100e+01 1.1233240e-14 6.2802914e-12
2.3344000e+01 1.1233240e-14 6.2802914e-12
2.3458400e+01 1.1233240e-14 6.2802914e-12
2.3573300e+01 9.3260335e-15 6.2802914e-12
2.3688800e+01 9.3260335e-15 6.2802914e-12
2.3804900e+01 9.3260335e-15 6.2802914e-12
2.3921600e+01 9.3260335e-15 6.2802914e-12
2.4038800e+01 9.3260335e-15 6.2802914e-12
2.4156600e+01 9.3260335e-15 5.2140083e-12
2.4275000e+01 9.3260335e-15 5.2140083e-12
2.4393900e+01 9.3260335e-15 5.2140083e-12
2.4513500e+01 9.3260335e-15 5.2140083e-12
2.4633600e+01 9.3260335e-15 5.2140083e-12
2.4754300e+01 9.3260335e-15 5.2140083e-12
2.4875600e+01 9.3260335e-15 5.2140083e-12
2.4997500e+01 9.3260335e-15 5.2140083e-12
2.5120000e+01 9.3260335e-15 5.2140083e-12
2.5243100e+01 9.3260335e-15 5.2140083e-12
2.5366800e+01 9.3260335e-15 5.2140083e-12
2.5491100e+01 9.3260335e-15 5.2140083e-12
2.5616000e+01 9.3260335e-15 5.2140083e-12
2.5741600e+01 9.3260335e-15 5.2140083e-12
2.5867700e+01 9.3260335e-15 5.2140083e-12
2.5994500e+01 9.3260335e-15 5.2140083e-12
2.6121800e+01 9.3260335e-15 5.2140083e-12
2.6249800e+01 9.3260335e-15 4.3287613e-12
2.6378500e+01 9.3260335e-15 4.3287613e-12
2.6507700e+01 9.3260335e-15 4.3287613e-12
2.6637600e+01 9.3260335e-15 4.3287613e-12
2.6768200e+01 9.3260335e-15 4.3287613e-12
2.6899400e+01 9.3260335e-15 4.3287613e-12
2.7031200e+01 9.3260335e-15 4.3287613e-12
2.7163600e+01 9.3260335e-15 4.3287613e-12
2.7296700e+01 9.3260335e-15 4.3287613e-12
2.7430500e+01 9.3260335e-15 4.3287613e-12
2.7564900e+01 9.3260335e-15 4.3287613e-12
2.7700000e+01 9.3260335e-15 4.3287613e-12
2.7835700e+01 9.3260335e-15 4.3287613e-12
2.7972200e+01 9.3260335e-15 4.3287613e-12
2.8109200e+01 9.3260335e-15 4.3287613e-12
2.8247000e+01 9.3260335e-15 4.3287613e-12
2.8385400e+01 9.3260335e-15 4.3287613e-12
2.8524500e+01 9.3260335e-15 3.5938137e-12
2.8664300e+01 9.3260335e-15 3.5938137e-12
2.8804700e+01 9.3260335e-15 3.5938137e-12
2.8945900e+01 7.7426368e-15 3.5938137e-12
2.9087700e+01 7.7426368e-15 3.5938137e-12
2.9230300e+01 7.7426368e-15 3.5938137e-12
2.9373500e+01 7.7426368e-15 3.5938137e-12
2.9517500e+01 7.7426368e-15 3.5938137e-12
2.9662100e+01 7.7426368e-15 3.5938137e-12
2.9807500e+01 7.7426368e-15 3.5938137e-12
2.9953500e+01 7.7426368e-15 3.5938137e-12
3.0100300e+01 7.7426368e-15 3.5938137e-12
3.0247800e+01 7.7426368e-15 3.5938137e-12
3.0396000e+01 7.7426368e-15 3.5938137e-12
3.0545000e+01 7.7426368e-15 3.5938137e-12
3.0694700e+01 7.7426368e-15 3.5938137e-12
3.0845100e+01 7.7426368e-15 2.9836472e-12
3.0996200e+01 7.7426368e-15 2.9836472e-12
3.1148100e+01 7.7426368e-15 2.9836472e-12
3.1300800e+01 7.7426368e-15 2.9836472e-12
3.1454200e+01 7.7426368e-15 2.9836472e-12
3.1608300e+01 7.7426368e-15 2.9836472e-12
3.1763200e+01 7.7426368e-15 2.9836472e-12
3.1918800e+01 7.7426368e-15 2.9836472e-12
3.2075200e+01 7.7426368e-15 2.9836472e-12
3.2232400e+01 7.7426368e-15 2.9836472e-12
3.2390400e+01 7.7426368e-15 2.9836472e-12
3.2549100e+01 7.7426368e-15 2.9836472e-12
3.2708600e+01 7.7426368e-15 2.9836472e-12
3.2868900e+01 7.7426368e-15 2.9836472e-12
3.3030000e+01 7.7426368e-15 2.9836472e-12
3.3191800e+01 7.7426368e-15 2.9836472e-12
3.3354500e+01 7.7426368e-15 2.4770764e-12
3.3517900e+01 7.7426368e-15 2.4770764e-12
3.3682200e+01 7.7426368e-15 2.4770764e-12
3.3847200e+01 7.7426368e-15 2.4770764e-12
3.4013100e+01 7.7426368e-15 2.4770764e-12
3.4179800e+01 7.7426368e-15 2.4770764e-12
3.4347300e+01 7.7426368e-15 2.4770764e-12
3.4515600e+01 7.7426368e-15 2.4770764e-12
3.4684700e+01 7.7426368e-15 2.4770764e-12
3.4854700e+01 7.7426368e-15 2.4770764e-12
3.5025500e+01 7.7426368e-15 2.4770764e-12
3.5197100e+01 7.7426368e-15 2.4770764e-12
3.5369600e+01 7.7426368e-15 2.4770764e-12
3.5542900e+01 7.7426368e-15 2.4770764e-12
3.5717100e+01 7.7426368e-15 2.4770764e-12
3.5892100e+01 7.7426368e-15 2.4770764e-12
3.6068000e+01 7.7426368e-15 2.0565123e-12
3.6244800e+01 7.7426368e-15 2.0565123e-12
3.6422400e+01 6.4280731e-15 2.0565123e-12
3.6600900e+01 6.4280731e-15 2.0565123e-12
3.6780200e+01 6.4280731e-15 2.0565123e-12
3.6960400e+01 6.4280731e-15 2.0565123e-12
3.7141600e+01 6.4280731e-15 2.0565123e-12
3.7323600e+01 6.4280731e-15 2.0565123e-12
3.7506500e+01 6.4280731e-15 2.0565123e-12
3.7690300e+01 6.4280731e-15 2.0565123e-12
3.7875000e+01 6.4280731e-15 2.0565123e-12
3.8060600e+01 6.4280731e-15 2.0565123e-12
3.8247100e+01 6.4280731e-15 2.0565123e-12
3.8434500e+01 6.4280731e-15 2.0565123e-12
3.8622800e+01 6.4280731e-15 2.0565123e-12
3.8812100e+01 6.4280731e-15 2.0565123e-12
3.9002300e+01 6.4280731e-15 1.7073526e-12
3.9193400e+01 6.4280731e-15 1.7073526e-12
3.9385500e+01 6.4280731e-15 1.7073526e-12
3.9578500e+01 6.4280731e-15 1.7073526e-12
3.9772400e+01 6.4280731e-15 1.7073526e-12
3.9967300e+01 6.4280731e-15 1.7073526e-12
4.0163200e+01 6.4280731e-15 1.7073526e-12
4.0360000e+01 6.4280731e-15 1.7073526e-12
4.0557800e+01 6.4280731e-15 1.7073526e-12
4.0756500e+01 6.4280731e-15 1.7073526e-12
4.0956300e+01 6.4280731e-15 1.7073526e-12
4.1157000e+01 6.4280731e-15 1.7073526e-12
4.1358600e+01 6.4280731e-15 1.7073526e-12
4.1561300e+01 6.4280731e-15 1.7073526e-12
4.1765000e+01 6.4280731e-15 1.7073526e-12
4.1969700e+01 6.4280731e-15 1.4174742e-12
4.2175300e+01 6.4280731e-15 1.4174742e-12
4.2382000e+01 6.4280731e-15 1.4174742e-12
4.2589700e+01 6.4280731e-15 1.4174742e-12
4.2798400e+01 6.4280731e-15 1.4174742e-12
4.3008100e+01 6.4280731e-15 1.4174742e-12
4.3218900e+01 6.4280731e-15 1.4174742e-12
4.3430700e+01 6.4280731e-15 1.4174742e-12
4.3643500e+01 6.4280731e-15 1.4174742e-12
4.3857400e+01 6.4280731e-15 1.4174742e-12
4.4072300e+01 6.4280731e-15 1.4174742e-12
4.4288200e+01 6.4280731e-15 1.4174742e-12
4.4505300e+01 6.4280731e-15 1.4174742e-12
4.4723400e+01 6.4280731e-15 1.4174742e-12
4.4942500e+01 6.4280731e-15 1.4174742e-12
4.5162800e+01 6.4280731e-15 1.4174742e-12
4.5384100e+01 6.4280731e-15 1.4174742e-12
4.5606500e+01 6.4280731e-15 1.1768120e-12
4.5830000e+01 6.4280731e-15 1.1768120e-12
4.6054500e+01 6.4280731e-15 1.1768120e-12
4.6280200e+01 6.4280731e-15 1.1768120e-12
4.6507000e+01 6.4280731e-15 1.1768120e-12
4.6734900e+01 5.3366992e-15 1.1768120e-12
4.6963900e+01 5.3366992e-15 1.1768120e-12
4.7194100e+01 5.3366992e-15 1.1768120e-12
4.7425300e+01 5.3366992e-15 1.1768120e-12
4.7657700e+01 5.3366992e-15 1.1768120e-12
4.7891300e+01 5.3366992e-15 1.1768120e-12
4.8126000e+01 5.3366992e-15 1.1768120e-12
4.8361800e+01 5.3366992e-15 1.1768120e-12
4.8598800e+01 5.3366992e-15 1.1768120e-12
4.8837000e+01 5.3366992e-15 1.1768120e-12
4.9076300e+01 5.3366992e-15 9.7700996e-13
4.9316800e+01 5.3366992e-15 9.7700996e-13
4.9558400e+01 5.3366992e-15 9.7700996e-13
4.9801300e+01 5.3366992e-15 9.7700996e-13
5.0045300e+01 5.3366992e-15 9.7700996e-13
5.0290600e+01 5.3366992e-15 9.7700996e-13
5.0537000e+01 5.3366992e-15 9.7700996e-13
5.0784700e+01 5.3366992e-15 9.7700996e-13
5.1033500e+01 5.3366992e-15 9.7700996e-13
5.1283600e+01 5.3366992e-15 9.7700996e-13
5.1534900e+01 5.3366992e-15 9.7700996e-13
5.1787500e+01 5.3366992e-15 9.7700996e-13
5.2041200e+01 5.3366992e-15 9.7700996e-13
5.2296300e+01 5.3366992e-15 9.7700996e-13
5.2552500e+01 5.3366992e-15 9.7700996e-13
5.2810100e+01 5.3366992e-15 8.1113083e-13
5.3068800e+01 5.3366992e-15 8.1113083e-13
5.3328900e+01 5.3366992e-15 8.1113083e-13
5.3590200e+01 5.3366992e-15 8.1113083e-13
5.3852800e+01 5.3366992e-15 8.1113083e-13
5.4116700e+01 5.3366992e-15 8.1113083e-13
5.4381900e+01 5.3366992e-15 8.1113083e-13
5.4648400e+01 5.3366992e-15 8.1113083e-13
5.4916200e+01 5.3366992e-15 8.1113083e-13
5.5185300e+01 5.3366992e-15 8.1113083e-13
5.5455800e+01 5.3366992e-15 8.1113083e-13
5.5727500e+01 5.3366992e-15 8.1113083e-13
5.6000600e+01 5.3366992e-15 8.1113083e-13
5.6275000e+01 5.3366992e-15 8.1113083e-13
5.6550800e+01 5.3366992e-15 6.7341507e-13
5.6827900e+01 5.3366992e-15 6.7341507e-13
5.7106400e+01 5.3366992e-15 6.7341507e-13
5.7386200e+01 5.3366992e-15 6.7341507e-13
5.7667400e+01 5.3366992e-15 6.7341507e-13
5.7950000e+01 5.3366992e-15 6.7341507e-13
5.8234000e+01 5.3366992e-15 6.7341507e-13
5.8519400e+01 5.3366992e-15 6.7341507e-13
5.8806200e+01 5.3366992e-15 6.7341507e-13
5.9094300e+01 5.3366992e-15 6.7341507e-13
5.9383900e+01 5.3366992e-15 6.7341507e-13
5.9674900e+01 5.3366992e-15 6.7341507e-13
5.9967300e+01 5.3366992e-15 6.7341507e-13
6.0261200e+01 5.3366992e-15 6.7341507e-13
6.0556500e+01 5.3366992e-15 5.5908102e-13
6.0853300e+01 5.3366992e-15 5.5908102e-13
6.1151500e+01 5.3366992e-15 5.5908102e-13
6.1451100e+01 5.3366992e-15 5.5908102e-13
6.1752300e+01 5.3366992e-15 5.5908102e-13
6.2054900e+01 5.3366992e-15 5.5908102e-13
6.2359000e+01 5.3366992e-15 5.5908102e-13
6.2664500e+01 5.3366992e-15 5.5908102e-13
6.2971600e+01 5.3366992e-15 5.5908102e-13
6.3280200e+01 5.3366992e-15 5.5908102e-13
6.3590300e+01 5.3366992e-15 5.5908102e-13
6.3901900e+01 5.3366992e-15 5.5908102e-13
6.4215100e+01 5.3366992e-15 5.5908102e-13
6.4529700e+01 5.3366992e-15 4.6415888e-13
6.4846000e+01 5.3366992e-15 4.6415888e-13
6.5163700e+01 5.3366992e-15 4.6415888e-13
6.5483000e+01 5.3366992e-15 4.6415888e-13
6.5803900e+01 5.3366992e-15 4.6415888e-13
6.6126400e+01 5.3366992e-15 4.6415888e-13
6.6450400e+01 5.3366992e-15 4.6415888e-13
6.6776100e+01 5.3366992e-15 4.6415888e-13
6.7103300e+01 5.3366992e-15 4.6415888e-13
6.7432100e+01 5.3366992e-15 4.6415888e-13
6.7762600e+01 5.3366992e-15 4.6415888e-13
6.8094600e+01 5.3366992e-15 4.6415888e-13
6.8428300e+01 5.3366992e-15 3.8535286e-13
6.8763700e+01 5.3366992e-15 3.8535286e-13
6.9100600e+01 5.3366992e-15 3.8535286e-13
6.9439200e+01 5.3366992e-15 3.8535286e-13
6.9779500e+01 5.3366992e-15 3.8535286e-13
7.0121500e+01 5.3366992e-15 3.8535286e-13
7.0465100e+01 5.3366992e-15 3.8535286e-13
7.0810400e+01 5.3366992e-15 3.8535286e-13
7.1157400e+01 5.3366992e-15 3.8535286e-13
7.1506100e+01 5.3366992e-15 3.8535286e-13
7.1856500e+01 5.3366992e-15 3.8535286e-13
7.2208600e+01 5.3366992e-15 3.1992671e-13
7.2562500e+01 5.3366992e-15 3.1992671e-13
7.2918000e+01 5.3366992e-15 3.1992671e-13
7.3275400e+01 5.3366992e-15 3.1992671e-13
7.3634400e+01 5.3366992e-15 3.1992671e-13
7.3995300e+01 5.3366992e-15 3.1992671e-13
7.4357900e+01 5.3366992e-15 3.1992671e-13
7.4722300e+01 5.3366992e-15 3.1992671e-13
7.5088400e+01 5.3366992e-15 3.1992671e-13
7.5456400e+01 5.3366992e-15 3.1992671e-13
7.5826200e+01 5.3366992e-15 3.1992671e-13
7.6197700e+01 5.3366992e-15 3.1992671e-13
7.6571100e+01 5.3366992e-15 2.6560878e-13
7.6946400e+01 5.3366992e-15 2.6560878e-13
7.7323400e+01 5.3366992e-15 2.6560878e-13
7.7702300e+01 6.4280731e-15 2.6560878e-13
7.8083100e+01 5.3366992e-15 2.6560878e-13
7.8465700e+01 6.4280731e-15 2.6560878e-13
7.8850300e+01 6.4280731e-15 2.6560878e-13
7.9236700e+01 6.4280731e-15 2.6560878e-13
7.9624900e+01 6.4280731e-15 2.6560878e-13
8.0015100e+01 6.4280731e-15 2.2051307e-13
8.0407200e+01 6.4280731e-15 2.2051307e-13
8.0801300e+01 6.4280731e-15 2.2051307e-13
8.1197200e+01 6.4280731e-15 2.2051307e-13
8.1595100e+01 6.4280731e-15 2.2051307e-13
8.1995000e+01 6.4280731e-15 2.2051307e-13
8.2396800e+01 6.4280731e-15 2.2051307e-13
8.2800500e+01 6.4280731e-15 2.2051307e-13
8.3206300e+01 6.4280731e-15 1.8307383e-13
8.3614000e+01 6.4280731e-15 1.8307383e-13
8.4023800e+01 6.4280731e-15 1.8307383e-13
8.4435500e+01 6.4280731e-15 1.8307383e-13
8.4849300e+01 6.4280731e-15 1.8307383e-13
8.5265100e+01 6.4280731e-15 1.8307383e-13
8.5682900e+01 6.4280731e-15 1.8307383e-13
8.6102800e+01 6.4280731e-15 1.8307383e-13
8.6524700e+01 6.4280731e-15 1.5199111e-13
8.6948700e+01 6.4280731e-15 1.5199111e-13
8.7374800e+01 7.7426368e-15 1.5199111e-13
8.7803000e+01 7.7426368e-15 1.5199111e-13
8.8233200e+01 7.7426368e-15 1.5199111e-13
8.8665600e+01 7.7426368e-15 1.5199111e-13
8.9100100e+01 7.7426368e-15 1.2618569e-13
8.9536700e+01 7.7426368e-15 1.2618569e-13
8.9975500e+01 7.7426368e-15 1.2618569e-13
9.0416400e+01 7.7426368e-15 1.2618569e-13
9.0859500e+01 7.7426368e-15 1.2618569e-13
9.1304700e+01 7.7426368e-15 1.2618569e-13
9.1752200e+01 7.7426368e-15 1.0476158e-13
9.2201800e+01 7.7426368e-15 1.0476158e-13
9.2653600e+01 7.7426368e-15 1.0476158e-13
9.3107600e+01 9.3260335e-15 1.0476158e-13
9.3563900e+01 9.3260335e-15 1.0476158e-13
9.4022400e+01 9.3260335e-15 8.6974900e-14
9.4483100e+01 9.3260335e-15 8.6974900e-14
9.4946100e+01 9.3260335e-15 8.6974900e-14
9.5411400e+01 9.3260335e-15 8.6974900e-14
9.5879000e+01 9.3260335e-15 7.2208090e-14
9.6348800e+01 1.1233240e-14 7.2208090e-14
9.6821000e+01 1.1233240e-14 7.2208090e-14
9.7295400e+01 1.1233240e-14 7.2208090e-14
9.7772200e+01 1.1233240e-14 5.9948425e-14
9.8251300e+01 1.1233240e-14 5.9948425e-14
9.8732800e+01 1.3530478e-14 4.9770236e-14
9.9216600e+01 1.3530478e-14 4.9770236e-14
9.9702800e+01 1.3530478e-14 4.9770236e-14
1.0019100e+02 1.6297508e-14 4.1320124e-14
1.0068200e+02 1.6297508e-14 4.1320124e-14
1.0117600e+02 1.6297508e-14 3.4304693e-14
1.0167200e+02 1.9630407e-14 2.8480359e-14
1.0217000e+02 2.3644894e-14 1.0236882e+00
